      250.063	    0.83288	 0.794496   7.04921e-09		    0	7.04921e-09
      249.973	   0.832838	 0.795665   6.86445e-09		    0	6.86445e-09
      249.887	   0.832794	 0.796881   6.86864e-09		    0	6.86864e-09
       249.75	   0.832917	 0.798122   6.65219e-09		    0	6.65219e-09
      249.736	   0.832875	  0.79937   6.62782e-09		    0	6.62782e-09
      249.775	    0.83282	 0.800707   6.84322e-09		    0	6.84322e-09
      249.825	   0.832578	 0.802037   6.88211e-09		    0	6.88211e-09
      249.843	   0.832426	 0.803378   6.87092e-09		    0	6.87092e-09
      249.912	   0.832283	 0.804792   7.07603e-09		    0	7.07603e-09
      249.963	   0.832339	 0.806227    7.0795e-09		    0	 7.0795e-09
      249.955	   0.832449	 0.807635    6.9254e-09		    0	 6.9254e-09
	  250	   0.832406	 0.809135   7.07814e-09		    0	7.07814e-09
      250.053	   0.832312	 0.810613   7.12701e-09		    0	7.12701e-09
      250.069	   0.832266	 0.812114   7.14368e-09		    0	7.14368e-09
      250.002	   0.832318	 0.806779   6.95928e-09		    0	6.95928e-09
      249.991	   0.832227	 0.808441   6.91628e-09		    0	6.91628e-09
      249.959	   0.832109	 0.810052   6.80333e-09		    0	6.80333e-09
      249.878	   0.831898	 0.811767   7.05335e-09		    0	7.05335e-09
      249.757	   0.831879	 0.813488   7.02505e-09		    0	7.02505e-09
      249.617	   0.832004	 0.815221   7.02802e-09		    0	7.02802e-09
      249.497	    0.83195	 0.817032   7.26287e-09		    0	7.26287e-09
      249.401	   0.832046	 0.818838    7.1983e-09		    0	 7.1983e-09
      249.421	   0.832085	 0.820677    7.2413e-09		    0	 7.2413e-09
      249.486	   0.832006	 0.822574    7.3327e-09		    0	 7.3327e-09
      249.554	    0.83195	 0.824464   7.30545e-09		    0	7.30545e-09
      249.582	   0.831964	 0.826366   7.27758e-09		    0	7.27758e-09
      249.599	    0.83186	 0.828484   7.38769e-09		    0	7.38769e-09
       249.59	   0.831878	 0.830634   7.39571e-09		    0	7.39571e-09
      249.598	   0.831953	 0.832929   7.60612e-09		    0	7.60612e-09
      249.612	   0.832038	 0.835234   7.55068e-09		    0	7.55068e-09
      249.674	   0.832014	 0.837685    7.8583e-09		    0	 7.8583e-09
      249.757	   0.832075	 0.840253   8.12195e-09		    0	8.12195e-09
      249.813	   0.832099	 0.842808   8.08923e-09		    0	8.08923e-09
      249.894	   0.832081	 0.845293   8.11811e-09		    0	8.11811e-09
      249.937	   0.832111	 0.847795   8.11407e-09		    0	8.11407e-09
      249.901	   0.832291	 0.850266   7.99616e-09		    0	7.99616e-09
      249.839	   0.832466	 0.852839   8.23195e-09		    0	8.23195e-09
       249.76	   0.832621	 0.855396   8.17394e-09		    0	8.17394e-09
      249.642	   0.832706	 0.857864   7.96166e-09		    0	7.96166e-09
      249.533	   0.832736	 0.860281   7.83713e-09		    0	7.83713e-09
      249.476	   0.832677	 0.862646   7.73608e-09		    0	7.73608e-09
      249.379	   0.832744	 0.864902   7.53111e-09		    0	7.53111e-09
      249.334	   0.832631	 0.867185   7.53559e-09		    0	7.53559e-09
      249.328	   0.832399	 0.869577   7.73835e-09		    0	7.73835e-09
      249.319	   0.832301	 0.872059   7.90459e-09		    0	7.90459e-09
      249.282	   0.832154	  0.87454   7.90041e-09		    0	7.90041e-09
      249.277	   0.831894	 0.877082   8.01562e-09		    0	8.01562e-09
      249.285	   0.831828	 0.879693   8.10328e-09		    0	8.10328e-09
      249.314	   0.831618	  0.88242    8.2279e-09		    0	 8.2279e-09
      249.374	   0.831191	  0.88518   8.31604e-09		    0	8.31604e-09
       249.41	   0.830872	 0.887926   8.23959e-09		    0	8.23959e-09
      249.394	   0.830553	 0.890717   8.30859e-09		    0	8.30859e-09
       249.36	   0.830158	 0.893453   8.22561e-09		    0	8.22561e-09
      249.342	    0.82987	 0.896232   8.30396e-09		    0	8.30396e-09
      249.279	   0.829606	 0.899073   8.46492e-09		    0	8.46492e-09
      249.251	   0.829191	 0.901909   8.49042e-09		    0	8.49042e-09
      249.219	   0.828831	 0.904526   8.38528e-09		    0	8.38528e-09
      249.209	   0.828295	 0.907117   8.42662e-09		    0	8.42662e-09
      249.213	   0.827698	 0.909541   8.16343e-09		    0	8.16343e-09
      249.234	   0.827009	 0.912676   8.03557e-09		    0	8.03557e-09
       249.25	   0.826422	 0.914908   7.81618e-09		    0	7.81618e-09
      249.307	   0.825748	 0.917097   7.81009e-09		    0	7.81009e-09
      249.383	   0.825086	 0.919241   7.76918e-09		    0	7.76918e-09
      249.414	   0.824489	 0.921388   7.72273e-09		    0	7.72273e-09
      249.394	   0.823816	 0.923554   7.79182e-09		    0	7.79182e-09
      249.378	   0.823081	 0.925688   7.71657e-09		    0	7.71657e-09
      249.393	    0.82235	 0.927793   7.59578e-09		    0	7.59578e-09
      249.459	   0.821565	 0.929941   7.70561e-09		    0	7.70561e-09
      249.549	   0.820738	 0.932144   7.81758e-09		    0	7.81758e-09
      249.626	    0.81991	 0.934418   7.94011e-09		    0	7.94011e-09
      249.698	   0.819132	  0.93694   8.22538e-09		    0	8.22538e-09
      249.785	   0.818422	 0.939531   8.34356e-09		    0	8.34356e-09
      249.887	   0.817662	 0.942055   8.24662e-09		    0	8.24662e-09
      249.956	   0.816966	 0.944425   7.96366e-09		    0	7.96366e-09
      250.046	   0.816305	  0.94673   7.79819e-09		    0	7.79819e-09
      250.215	   0.815775	 0.949034    7.8229e-09		    0	 7.8229e-09
      250.412	   0.815148	 0.951273   7.71028e-09	  3.71639e-12	  7.714e-09
      250.612	   0.814519	 0.953596   7.86472e-09	  3.71639e-12	7.86844e-09
      250.771	   0.813877	 0.956052   8.00073e-09	  3.71639e-12	8.00445e-09
      250.921	   0.813268	 0.958494   7.95943e-09	  3.71639e-12	7.96314e-09
      251.118	   0.812719	 0.960971   8.04336e-09	  4.24896e-12	8.04761e-09
      251.328	   0.812257	 0.963677   8.30735e-09	  4.43176e-12	8.31179e-09
       251.49	   0.811816	 0.966597   8.71122e-09	  4.43176e-12	8.71565e-09
      251.581	   0.811358	 0.969398   8.53954e-09	  9.14617e-12	8.54869e-09
      251.757	   0.810872	 0.972218   8.51401e-09	  1.39308e-11	8.52794e-09
      251.975	   0.810404	 0.975129    8.6722e-09	  2.43138e-11	8.69651e-09
       252.16	    0.80991	  0.97816   8.92585e-09	  3.33408e-11	8.95919e-09
      252.312	   0.809472	 0.981339   9.12083e-09	  3.33479e-11	9.15418e-09
      252.445	   0.809203	 0.984648   9.31987e-09	  3.33479e-11	9.35321e-09
      252.617	   0.808835	  0.98807   9.53965e-09	  3.41296e-11	9.57378e-09
      252.793	   0.808362	 0.991482   9.54571e-09	  3.69069e-11	9.58262e-09
      252.978	   0.807961	 0.994944   9.62319e-09	  4.99087e-11	 9.6731e-09
      253.166	   0.807509	 0.998402   9.61265e-09	  5.92009e-11	9.67185e-09
      253.416	   0.807211	  1.00193   9.73068e-09	  6.43463e-11	9.79502e-09
      253.706	   0.806954	  1.00551   9.80526e-09	  6.68718e-11	9.87213e-09
      254.002	   0.806698	  1.00908    9.8314e-09	  8.21364e-11	9.91354e-09
      254.264	   0.806324	  1.01254   9.67161e-09	  1.12685e-10	 9.7843e-09
      254.526	    0.80601	  1.01611    9.8448e-09	  1.29978e-10	9.97478e-09
      254.756	   0.805621	  1.01967   9.83519e-09	  1.61755e-10	9.99694e-09
      255.011	   0.805286	  1.02326   9.89595e-09	  1.67288e-10	1.00632e-08
      255.251	    0.80495	  1.02672    9.8359e-09	  1.78898e-10	1.00148e-08
       255.51	   0.804572	  1.03018   9.83888e-09	  1.90036e-10	1.00289e-08
      255.797	   0.804575	  1.03369   9.90511e-09	  2.29646e-10	1.01348e-08
      256.105	    0.80472	  1.03741   1.00947e-08	  2.99158e-10	1.03938e-08
      256.384	   0.804821	   1.0413   1.04531e-08	  3.53803e-10	1.08069e-08
      256.622	   0.804862	  1.04528   1.06135e-08	  3.94089e-10	1.10076e-08
      256.852	   0.804947	  1.04942   1.09024e-08	  4.32706e-10	1.13351e-08
      257.081	   0.804921	   1.0537   1.09532e-08	   4.5933e-10	1.14125e-08
      257.327	   0.804882	  1.05784   1.09411e-08	  5.41029e-10	1.14822e-08
      257.597	   0.804824	  1.06191   1.08921e-08	  6.63723e-10	1.15558e-08
      257.882	   0.804568	  1.06588   1.08634e-08	   8.4031e-10	1.17037e-08
      258.156	   0.804312	  1.06953   1.06285e-08	  1.03153e-09	  1.166e-08
      258.443	   0.803902	  1.07277   1.01203e-08	   1.3482e-09	1.14685e-08
       258.77	   0.803422	  1.07607   1.02139e-08	  1.63939e-09	1.18533e-08
      259.065	   0.802983	  1.07922   1.02446e-08	   1.9472e-09	1.21918e-08
      259.345	   0.802692	   1.0824   1.05148e-08	  2.21198e-09	1.27268e-08
      259.659	   0.802459	  1.08551   1.05554e-08	   2.5568e-09	1.31122e-08
      259.996	   0.802323	  1.08849   1.06379e-08	  2.94248e-09	1.35804e-08
      260.325	   0.802047	  1.09124   1.06006e-08	  3.40426e-09	1.40048e-08
      260.622	   0.801849	  1.09381   1.06269e-08	  3.81783e-09	1.44448e-08
      260.884	   0.801663	  1.09614   1.05977e-08	  4.43952e-09	1.50373e-08
      261.136	   0.801405	  1.09809   1.03851e-08	  5.11297e-09	 1.5498e-08
      261.425	    0.80142	  1.09991    1.0694e-08	  5.76802e-09	 1.6462e-08
       261.67	   0.801366	  1.10166   1.09645e-08	  6.30179e-09	1.72663e-08
      261.905	   0.801155	  1.10324    1.1007e-08	   6.7874e-09	1.77944e-08
      262.142	   0.800894	  1.10469   1.11934e-08	  7.33971e-09	1.85331e-08
      262.408	    0.80057	  1.10584   1.11981e-08	  8.16199e-09	1.93601e-08
      262.666	   0.800189	  1.10655   1.08988e-08	   9.0176e-09	1.99164e-08
      262.938	   0.799707	  1.10692   1.07974e-08	  9.82614e-09	2.06236e-08
      263.197	   0.799662	  1.10691   1.06984e-08	  1.06874e-08	2.13857e-08
      263.478	   0.799433	   1.1064   1.05241e-08	  1.17143e-08	2.22384e-08
      263.754	   0.798952	  1.10539   1.03143e-08	  1.28924e-08	2.32067e-08
      263.996	   0.798127	  1.10381   1.01012e-08	  1.42335e-08	2.43347e-08
      264.226	   0.797143	  1.10155   9.98662e-09	  1.57573e-08	2.57439e-08
      264.459	   0.796066	  1.09856   9.67972e-09	  1.74484e-08	2.71281e-08
      264.704	      0.795	  1.09489   9.34847e-09	  1.92452e-08	2.85937e-08
      264.959	   0.793487	  1.09051   9.09813e-09	  2.11642e-08	3.02623e-08
       265.22	    0.79222	  1.08507   8.68773e-09	  2.28818e-08	3.15695e-08
      265.498	   0.791133	  1.07898   8.35257e-09	  2.47315e-08	 3.3084e-08
       265.75	   0.789919	  1.07239   8.41818e-09	  2.66434e-08	3.50615e-08
      265.975	   0.788644	  1.06528   8.34735e-09	  2.85818e-08	3.69292e-08
      266.195	   0.787384	  1.05766   8.24028e-09	  3.06075e-08	3.88478e-08
      266.414	    0.78646	  1.04972    8.4059e-09	   3.2611e-08	4.10169e-08
      266.627	   0.785221	  1.04102   8.19919e-09	  3.49395e-08	4.31387e-08
      266.865	   0.784048	  1.03178   8.08471e-09	  3.74736e-08	4.55583e-08
      267.092	   0.782652	  1.02162   7.25108e-09	   4.0213e-08	4.74641e-08
      267.302	   0.781226	  1.01068    6.3605e-09	  4.26719e-08	4.90324e-08
       267.49	   0.779705	 0.998823    5.4624e-09	  4.52294e-08	5.06918e-08
      267.688	   0.778194	 0.986488   4.79467e-09	   4.7784e-08	5.25787e-08
      267.876	   0.776736	 0.973523   4.03729e-09	  5.01226e-08	5.41599e-08
      268.078	    0.77574	 0.960392   3.45569e-09	  5.18326e-08	5.52883e-08
      268.247	    0.77467	 0.947134   2.79888e-09	  5.37621e-08	5.65609e-08
      268.383	   0.773062	 0.933499   1.78307e-09	  5.60234e-08	5.78065e-08
      268.545	   0.771268	 0.919286   6.29347e-10	  5.86521e-08	5.92814e-08
      268.722	   0.769423	 0.904633  -4.51188e-10	  6.16525e-08	6.12013e-08
      268.891	   0.767274	 0.889467  -1.89681e-09	  6.46572e-08	6.27604e-08
      269.063	   0.765268	 0.874104   -3.0547e-09	  6.72623e-08	6.42076e-08
      269.234	   0.763379	 0.858471   -4.2607e-09	   7.0028e-08	6.57673e-08
      269.418	   0.761303	 0.842633  -5.57199e-09	  7.33647e-08	6.77927e-08
      269.578	   0.758723	 0.826488  -7.16715e-09	  7.66677e-08	6.95005e-08
      269.708	   0.756124	 0.810124  -9.06131e-09	  8.02289e-08	7.11676e-08
      269.847	   0.753519	 0.793341  -1.12333e-08	  8.42879e-08	7.30546e-08
      269.977	   0.750617	 0.776421  -1.34166e-08	  8.81983e-08	7.47817e-08
      270.074	   0.747571	  0.75914  -1.64418e-08	  9.16996e-08	7.52578e-08
      270.176	   0.744407	 0.741742  -1.94077e-08	  9.50794e-08	7.56716e-08
       270.28	   0.741294	 0.724304  -2.22539e-08	  9.84612e-08	7.62073e-08
       270.38	   0.738546	 0.706928  -2.55779e-08	  1.01849e-07	7.62712e-08
      270.479	   0.735229	 0.689568    -2.885e-08	  1.05939e-07	7.70886e-08
      270.578	   0.731337	 0.671983   -3.2453e-08	   1.1034e-07	7.78866e-08
      270.678	   0.727591	 0.654157  -3.66226e-08	  1.14889e-07	7.82669e-08
      270.766	   0.723694	  0.63632  -4.09415e-08	  1.19327e-07	7.83851e-08
      270.851	   0.719316	 0.618467   -4.5538e-08	  1.24283e-07	7.87449e-08
      270.929	   0.714411	 0.600332  -5.06433e-08	  1.29198e-07	7.85543e-08
      271.006	   0.709824	   0.5823  -5.60273e-08	  1.34008e-07	7.79804e-08
      271.072	   0.705099	 0.564601  -6.17038e-08	  1.38542e-07	7.68384e-08
      271.135	   0.700593	 0.547204  -6.71518e-08	  1.42604e-07	7.54519e-08
      271.199	   0.696059	 0.530175  -7.21753e-08	  1.46963e-07	7.47877e-08
      271.265	   0.691484	 0.513506  -7.74605e-08	  1.51347e-07	7.38864e-08
      271.328	   0.686886	 0.497168  -8.28499e-08	  1.55654e-07	7.28045e-08
      271.407	    0.68169	 0.480943  -8.85569e-08	  1.60571e-07	7.20146e-08
      271.475	   0.675987	  0.46475  -9.44345e-08	  1.65885e-07	7.14503e-08
      271.545	   0.670308	 0.448695  -9.99885e-08	  1.70956e-07	7.09673e-08
      271.603	    0.66529	 0.432648  -1.05629e-07	  1.75631e-07	7.00023e-08
      271.648	   0.660153	 0.416715  -1.11502e-07	  1.79773e-07	 6.8271e-08
       271.68	   0.654843	 0.400922  -1.17313e-07	   1.8405e-07	6.67365e-08
      271.722	   0.649711	 0.385257  -1.23023e-07	   1.8868e-07	6.56575e-08
      271.769	    0.64466	 0.369217  -1.28918e-07	  1.92937e-07	6.40188e-08
      271.806	   0.639304	 0.353517  -1.34748e-07	  1.97072e-07	6.23241e-08
       271.83	   0.634016	 0.338044  -1.40578e-07	  2.00747e-07	6.01697e-08
      271.858	   0.628595	 0.322662  -1.46421e-07	  2.04451e-07	5.80294e-08
      271.898	   0.623253	 0.307752  -1.51522e-07	  2.07515e-07	5.59936e-08
      271.924	    0.61821	 0.293604  -1.55959e-07	  2.09416e-07	 5.3457e-08
      271.923	   0.613271	 0.279747   -1.6069e-07	  2.11376e-07	5.06861e-08
      271.932	   0.608917	 0.266694  -1.64352e-07	  2.12892e-07	4.85402e-08
      271.942	   0.604671	 0.254245  -1.67972e-07	  2.15032e-07	4.70596e-08
      271.951	   0.600037	 0.242278  -1.71739e-07	  2.17157e-07	4.54184e-08
      271.958	   0.595483	 0.230685  -1.75143e-07	  2.19258e-07	4.41155e-08
      271.957	   0.591338	 0.219748  -1.78272e-07	  2.20385e-07	 4.2113e-08
       271.96	    0.58759	 0.209453  -1.81119e-07	  2.20857e-07	3.97377e-08
      271.961	   0.583962	 0.199961  -1.83449e-07	  2.20918e-07	3.74693e-08
      271.955	   0.580543	 0.190974  -1.85483e-07	  2.20909e-07	3.54257e-08
      271.957	   0.577391	 0.182288  -1.87027e-07	  2.20747e-07	3.37196e-08
      271.947	   0.574723	 0.174253  -1.88269e-07	  2.20232e-07	3.19627e-08
      271.919	   0.572128	 0.166694  -1.89218e-07	  2.19321e-07	3.01023e-08
      271.896	   0.569453	 0.159396  -1.89818e-07	   2.1796e-07	2.81413e-08
       271.87	   0.566818	 0.152539  -1.90185e-07	   2.1651e-07	2.63253e-08
      271.849	   0.564166	 0.146003  -1.90377e-07	  2.14979e-07	2.46023e-08
      271.823	   0.561517	 0.139782   -1.9015e-07	  2.13444e-07	 2.3294e-08
      271.793	   0.558948	 0.133658  -1.89538e-07	  2.11535e-07	2.19967e-08
      271.761	   0.556829	 0.128092   -1.8871e-07	  2.09131e-07	2.04208e-08
      271.736	   0.554998	 0.122902  -1.87313e-07	   2.0676e-07	1.94464e-08
      271.711	   0.553486	 0.118108  -1.86011e-07	  2.04124e-07	1.81134e-08
      271.673	   0.551861	 0.113827   -1.8433e-07	  2.00744e-07	1.64132e-08
      271.623	   0.550419	 0.109981  -1.82138e-07	  1.97187e-07	1.50488e-08
      271.571	   0.549721	 0.106644  -1.79492e-07	  1.92932e-07	1.34398e-08
       271.51	    0.54954	 0.103752  -1.76224e-07	  1.87692e-07	 1.1468e-08
      271.463	   0.549443	 0.101817  -1.72206e-07	  1.83366e-07	1.11603e-08
      271.414	   0.549821	 0.100128  -1.68044e-07	  1.78627e-07	1.05829e-08
      271.356	   0.550405	0.0988051  -1.63569e-07	  1.73454e-07	9.88512e-09
      271.288	   0.551441	0.0980258  -1.58698e-07	  1.67819e-07	 9.1212e-09
      271.205	   0.553122	0.0974446  -1.53816e-07	  1.62183e-07	8.36655e-09
       271.11	   0.555024	0.0969223  -1.49202e-07	  1.57123e-07	7.92027e-09
      271.026	   0.556869	0.0966214  -1.44097e-07	  1.51756e-07	7.65887e-09
      270.939	   0.558211	0.0963374  -1.39088e-07	  1.47022e-07	7.93387e-09
       270.85	    0.55995	0.0961773  -1.33861e-07	  1.41547e-07	7.68631e-09
      270.744	   0.561725	0.0961617  -1.28494e-07	  1.35853e-07	7.35869e-09
      270.622	   0.563426	0.0963652  -1.22939e-07	  1.29807e-07	6.86876e-09
      270.499	   0.565709	0.0967564  -1.17408e-07	  1.24018e-07	   6.61e-09
      270.379	   0.568484	0.0973763  -1.11455e-07	  1.18434e-07	6.97938e-09
      270.242	   0.571384	0.0982378  -1.05473e-07	  1.13044e-07	7.57188e-09
      270.089	   0.574763	0.0992721  -9.99355e-08	  1.07278e-07	7.34291e-09
      269.942	   0.578246	 0.100748  -9.40775e-08	  1.01095e-07	7.01791e-09
      269.783	   0.581848	 0.102608  -8.78472e-08	  9.50503e-08	7.20303e-09
      269.622	   0.585751	 0.104897  -8.15946e-08	  8.90647e-08	7.47012e-09
       269.45	   0.590067	 0.107528  -7.53334e-08	  8.34842e-08	8.15071e-09
      269.293	   0.594459	  0.11036  -6.92339e-08	  7.83425e-08	9.10862e-09
       269.12	   0.599079	 0.113438  -6.34393e-08	  7.31728e-08	9.73348e-09
      268.962	   0.603682	 0.116945  -5.76132e-08	  6.78538e-08	1.02406e-08
      268.779	   0.608397	 0.120886  -5.20024e-08	  6.27131e-08	1.07107e-08
      268.588	   0.613073	 0.124939   -4.6541e-08	  5.78561e-08	1.13151e-08
      268.406	   0.618056	 0.129275  -4.11362e-08	  5.31085e-08	1.19723e-08
      268.207	   0.623483	 0.133728  -3.59759e-08	  4.83679e-08	 1.2392e-08
      267.994	   0.628712	 0.138356  -3.11592e-08	  4.43929e-08	1.32337e-08
       267.79	   0.634324	 0.143136  -2.66115e-08	  4.07978e-08	1.41863e-08
      267.573	   0.639692	 0.147798  -2.23261e-08	  3.74457e-08	1.51196e-08
      267.341	   0.644944	 0.152799  -1.81905e-08	  3.45968e-08	1.64063e-08
      267.066	   0.650732	 0.158024  -1.47972e-08	  3.12373e-08	  1.644e-08
      266.773	   0.656497	 0.163437  -1.16649e-08	  2.82108e-08	 1.6546e-08
      266.508	   0.662906	 0.169036  -8.50137e-09	  2.55998e-08	1.70984e-08
      266.238	   0.669096	  0.17491  -5.52615e-09	  2.33826e-08	1.78564e-08
      265.986	   0.674715	   0.1808  -3.18967e-09	  2.14334e-08	1.82437e-08
      265.736	   0.680224	 0.186896  -8.55131e-10	   1.9367e-08	1.85119e-08
      265.506	   0.686241	 0.193259   1.27942e-09	  1.74926e-08	 1.8772e-08
      265.294	   0.692633	  0.19987   3.19633e-09	  1.56411e-08	1.88374e-08
      265.069	   0.699232	 0.206931   5.33442e-09	   1.3852e-08	1.91864e-08
      264.832	   0.706265	 0.214379   7.33887e-09	  1.22025e-08	1.95413e-08
      264.575	   0.713309	 0.222004   8.92673e-09	  1.07979e-08	1.97246e-08
      264.297	   0.719854	  0.22969   1.00906e-08	  9.63451e-09	1.97251e-08
       264.01	   0.726072	 0.237563   1.11721e-08	  8.43408e-09	1.96062e-08
      263.764	   0.732126	  0.24547   1.21367e-08	  7.20254e-09	1.93393e-08
      263.487	   0.737986	 0.253443   1.32378e-08	  6.42494e-09	1.96628e-08
      263.189	    0.74389	 0.261343   1.36758e-08	  5.59656e-09	1.92724e-08
      262.916	   0.749461	 0.268977   1.36881e-08	  4.92178e-09	1.86099e-08
      262.637	   0.754811	 0.276405   1.40248e-08	   4.3922e-09	 1.8417e-08
      262.416	   0.759982	 0.283781    1.4469e-08	  3.95444e-09	1.84234e-08
      262.174	   0.765115	 0.291093   1.46505e-08	   3.4696e-09	1.81201e-08
      261.919	   0.770159	 0.298446   1.51108e-08	   3.0007e-09	1.81115e-08
      261.627	   0.775299	 0.305783   1.51823e-08	  2.55337e-09	1.77356e-08
      261.352	   0.780248	 0.313194   1.52607e-08	  2.33337e-09	1.75941e-08
      261.111	    0.78531	 0.320812   1.57196e-08	  1.92524e-09	1.76448e-08
      260.833	   0.789894	 0.328519   1.60732e-08	  1.39723e-09	1.74704e-08
      260.532	   0.793968	 0.336135    1.6202e-08	  1.08813e-09	1.72902e-08
      260.242	   0.798023	 0.343602   1.62009e-08	  8.42284e-10	1.70432e-08
      259.985	   0.801771	 0.351056   1.63414e-08	  6.84448e-10	1.70259e-08
      259.779	   0.805354	 0.358656   1.64146e-08	  5.26508e-10	1.69411e-08
      259.576	   0.808721	 0.366078   1.60573e-08	  4.12937e-10	1.64703e-08
      259.372	    0.81158	 0.373271   1.59329e-08	  4.23191e-10	1.63561e-08
      259.239	   0.814209	 0.380497   1.61458e-08	  4.65106e-10	1.66109e-08
      259.077	   0.816284	 0.387549   1.59288e-08	  4.00797e-10	1.63296e-08
      258.902	   0.818244	 0.394351   1.55941e-08	  3.80085e-10	1.59742e-08
      258.691	   0.820312	 0.401274   1.57663e-08	  3.00735e-10	 1.6067e-08
      258.434	   0.822409	 0.408085   1.56394e-08	  2.81724e-10	1.59211e-08
      258.154	   0.824175	 0.414749   1.54954e-08	  2.86224e-10	1.57817e-08
      257.871	   0.825647	 0.421322   1.54494e-08	  2.62267e-10	1.57117e-08
      257.617	   0.826733	 0.427633    1.5069e-08	  2.60111e-10	1.53291e-08
      257.419	   0.827661	 0.433999   1.51508e-08	  2.60111e-10	1.54109e-08
      257.231	   0.828591	 0.440494    1.5384e-08	   2.5953e-10	1.56435e-08
       257.06	   0.829292	 0.447002   1.57764e-08	  2.70214e-10	1.60466e-08
      256.862	   0.829926	 0.453615   1.59912e-08	  2.50894e-10	1.62421e-08
      256.619	   0.830541	 0.460113    1.5926e-08	  2.27842e-10	1.61538e-08
      256.423	   0.831128	  0.46652    1.5879e-08	   2.3466e-10	1.61136e-08
      256.247	   0.831518	 0.472916    1.6018e-08	   2.3466e-10	1.62526e-08
       256.08	   0.831965	  0.47952   1.64646e-08	   2.3466e-10	1.66993e-08
      255.964	   0.832199	 0.486156   1.66736e-08	  2.26538e-10	1.69001e-08
      255.807	   0.832426	 0.492801   1.68799e-08	  2.24535e-10	1.71044e-08
      255.627	   0.832597	 0.499496   1.70546e-08	  2.24535e-10	1.72791e-08
      255.502	   0.832726	 0.506242   1.72861e-08	  2.22328e-10	1.75084e-08
       255.42	   0.832843	 0.513039   1.76466e-08	  1.96558e-10	1.78432e-08
      255.279	   0.833087	 0.519662   1.77804e-08	  1.52228e-10	1.79326e-08
      255.083	   0.833341	 0.526189   1.75008e-08	  1.52632e-10	1.76535e-08
      254.934	   0.833545	 0.532532   1.71786e-08	  1.51874e-10	1.73305e-08
      254.798	   0.833628	 0.538863   1.71827e-08	  1.50402e-10	1.73331e-08
      254.671	   0.833677	 0.545267   1.74847e-08	  1.50402e-10	1.76351e-08
      254.564	   0.833735	 0.551835     1.781e-08	  1.50402e-10	1.79604e-08
      254.402	   0.833807	 0.558355    1.7784e-08	  1.50402e-10	1.79344e-08
      254.247	   0.833902	 0.564864   1.78646e-08	  1.50402e-10	 1.8015e-08
      254.172	   0.833823	 0.571508    1.8229e-08	   1.4153e-10	1.83705e-08
      254.009	   0.833824	 0.578029   1.81666e-08	  9.10354e-11	1.82576e-08
      253.838	   0.833832	 0.584576   1.83374e-08	  8.72479e-11	1.84246e-08
      253.737	   0.833762	  0.59123   1.85707e-08	  8.72479e-11	1.86579e-08
      253.687	   0.833726	 0.597775   1.83664e-08	  8.72479e-11	1.84537e-08
      253.709	   0.833534	 0.604332   1.84923e-08	  1.15763e-10	 1.8608e-08
      253.735	   0.833396	 0.611074   1.88984e-08	  1.04754e-10	1.90031e-08
      253.725	   0.833295	 0.617865   1.90944e-08	  1.04754e-10	1.91992e-08
      253.651	   0.833132	 0.624496   1.90285e-08	  1.23198e-10	1.91517e-08
       253.53	   0.833055	 0.630705   1.84329e-08	    1.232e-10	1.85561e-08
       253.41	   0.833121	 0.636577   1.79358e-08	    1.232e-10	 1.8059e-08
      253.268	   0.833225	  0.64229   1.74728e-08	  1.04345e-10	1.75771e-08
      253.149	   0.833422	 0.647645    1.6859e-08	  1.04053e-10	1.69631e-08
      253.096	   0.833563	 0.652932   1.66571e-08	  1.03054e-10	1.67602e-08
      253.057	   0.833465	 0.658251   1.67734e-08	  9.62188e-11	1.68696e-08
	  253	   0.833578	 0.663622    1.6806e-08	  9.62188e-11	1.69023e-08
      252.937	   0.833709	 0.668947   1.66886e-08	  9.62188e-11	1.67848e-08
      252.835	   0.833933	 0.674303   1.65933e-08	  9.62188e-11	1.66895e-08
      252.714	   0.834072	 0.679509   1.62005e-08	  9.62188e-11	1.62968e-08
      252.619	   0.834101	  0.68461    1.6043e-08	  9.62188e-11	1.61392e-08
      252.481	   0.834191	  0.68941   1.54134e-08	  9.62188e-11	1.55097e-08
      252.328	   0.834248	 0.693945   1.48108e-08	  9.62188e-11	 1.4907e-08
       252.24	   0.834194	 0.698314   1.43641e-08	  8.63878e-11	1.44505e-08
      252.167	   0.834132	 0.702502   1.42057e-08	  8.49599e-11	1.42906e-08
      252.111	   0.834099	 0.706609   1.40502e-08	  8.49599e-11	1.41352e-08
      252.085	   0.834127	 0.710643   1.38687e-08	  8.49599e-11	1.39536e-08
      252.067	   0.834052	 0.714613   1.36139e-08	  8.49599e-11	1.36989e-08
      251.987	   0.833906	 0.718309   1.31032e-08	  8.49599e-11	1.31882e-08
      251.921	   0.833899	 0.721944   1.29913e-08	  8.49599e-11	1.30763e-08
      251.844	   0.833903	 0.725433   1.26749e-08	  8.49599e-11	1.27599e-08
      251.736	   0.833898	 0.728761   1.21873e-08	  5.43697e-11	1.22416e-08
      251.668	   0.833808	 0.732007   1.19521e-08	  5.43697e-11	1.20064e-08
       251.64	   0.833602	 0.735185   1.17694e-08	  5.43697e-11	1.18237e-08
      251.519	   0.833637	 0.738139   1.13245e-08	  5.43697e-11	1.13789e-08
      251.362	   0.833554	 0.740988    1.1155e-08	  5.43697e-11	1.12094e-08
      251.184	   0.833533	 0.743796   1.09298e-08	  2.26215e-11	1.09525e-08
      251.022	   0.833575	 0.746378   1.03939e-08	  1.84458e-11	1.04123e-08
      250.863	   0.833639	 0.748773   9.85927e-09	  1.84458e-11	9.87772e-09
      250.775	   0.833589	 0.751091   9.56028e-09	  1.49727e-15	9.56028e-09
      250.767	    0.83343	 0.753467   9.64235e-09		    0	9.64235e-09
      250.749	   0.833169	 0.755808   9.56729e-09		    0	9.56729e-09
      250.679	   0.833174	 0.758151    9.4216e-09		    0	 9.4216e-09
      250.633	   0.833109	 0.760475   9.38387e-09		    0	9.38387e-09
      250.608	   0.832981	 0.762765   9.39679e-09		    0	9.39679e-09
      250.632	   0.833083	 0.773411   9.24871e-09		    0	9.24871e-09
      250.561	   0.833161	 0.775352   9.04627e-09		    0	9.04627e-09
      250.503	   0.833275	 0.777068     8.509e-09		    0	  8.509e-09
       250.48	   0.833296	 0.778563   8.15023e-09		    0	8.15023e-09
      250.479	   0.833262	 0.779973   7.99109e-09		    0	7.99109e-09
      250.484	   0.833279	 0.781303   7.71234e-09		    0	7.71234e-09
      250.533	   0.833075	 0.782671   7.79045e-09		    0	7.79045e-09
      250.507	   0.832999	 0.784093   7.83597e-09		    0	7.83597e-09
       250.46	   0.832976	 0.785527   7.80575e-09		    0	7.80575e-09
      250.437	   0.832907	 0.786979   7.81734e-09		    0	7.81734e-09
      250.364	   0.832923	 0.788323   7.61277e-09		    0	7.61277e-09
      250.295	   0.832849	 0.789609    7.4473e-09		    0	 7.4473e-09
      250.229	   0.832909	 0.790849    7.2829e-09		    0	 7.2829e-09
      250.171	   0.832945	 0.792063   7.19876e-09		    0	7.19876e-09
      250.121	   0.832856	 0.793281   7.11464e-09		    0	7.11464e-09
