  7.95199e-09	 3.8517e-11	  86063.9	174.154	  3.40807e-06	    9.29132	  1.18829	252.357	  0.000641245
  7.76954e-09	 3.3762e-11	  86039.7	173.725	  3.44614e-06	    9.29103	  1.18837	 252.27	  0.000635694
  7.77772e-09	3.30172e-11	  86020.4	173.377	  3.46928e-06	    9.28347	  1.18848	 252.19	  0.000630484
  7.55704e-09	3.20975e-11	  86006.8	172.555	  3.48663e-06	      9.288	  1.18888	252.066	  0.000621989
  7.53513e-09	3.22623e-11	  85993.9	172.472	  0.000434705	    9.31324	  1.18874	252.058	  0.000619688
  7.74889e-09	3.18546e-11	  85980.9	172.659	   0.00157632	    9.31567	  1.18838	252.096	  0.000620585
  7.79981e-09	3.33801e-11	  85971.6	173.012	   0.00393696	    9.30047	  1.18802	252.145	   0.00062259
  7.80785e-09	3.39961e-11	  85963.5	173.066	   0.00888107	    9.30757	  1.18776	252.175	  0.000623808
   8.0355e-09	3.29641e-11	  85959.1	173.454	    0.0174234	    9.29357	  1.18739	252.241	   0.00062686
  8.04248e-09	3.47546e-11	  85960.2	173.618	    0.0300889	    9.27267	  1.18717	252.292	  0.000629379
  7.87574e-09	3.28355e-11	  85964.4	173.299	    0.0485586	    9.28314	   1.1872	252.297	  0.000630465
  8.03068e-09	3.06513e-11	  85966.7	173.385	    0.0722934	    9.30234	  1.18704	252.339	  0.000633226
  8.08912e-09	2.88791e-11	  85964.4	173.594	     0.106929	    9.30039	  1.18676	252.391	  0.000633928
  8.10972e-09	2.86816e-11	  85961.3	173.638	     0.150195	    9.31269	  1.18667	252.401	  0.000633882
  7.91469e-09	2.80293e-11	  85968.7	 173.44	     0.201547	    9.30967	  1.18712	252.327	   0.00063002
  7.87068e-09	2.78582e-11	  85962.6	173.496	     0.260531	    9.29552	  1.18711	252.312	  0.000627699
  7.76122e-09	2.53204e-11	  85951.9	173.441	     0.340854	    9.27175	  1.18712	252.278	  0.000625869
  7.99199e-09	2.66519e-11	  85938.7	173.337	     0.434739	    9.21939	  1.18735	 252.19	  0.000622985
  7.94851e-09	2.77654e-11	  85938.3	172.927	     0.547389	    9.19157	  1.18794	252.065	  0.000617893
  7.94089e-09	 2.8731e-11	  85942.5	172.355	     0.685382	    9.19691	  1.18869	251.917	  0.000611451
  8.15787e-09	2.88691e-11	  85955.1	172.006	     0.838888	    9.16821	  1.18947	251.789	  0.000607076
  8.10079e-09	2.77155e-11	  85967.7	171.482	      1.00829	    9.18546	  1.19008	251.696	  0.000601855
  8.14969e-09	2.72781e-11	  85971.8	171.482	      1.20605	    9.21576	  1.19005	251.716	  0.000601612
  8.23834e-09	3.07886e-11	  85974.8	 171.74	      1.41777	    9.21651	  1.18978	251.781	  0.000604676
  8.22276e-09	3.13718e-11	  85976.8	172.001	      1.65711	    9.20768	  1.18948	251.849	   0.00060704
  8.20104e-09	3.30285e-11	  85973.2	172.103	      1.94466	    9.20796	  1.18929	 251.88	  0.000608639
  8.31093e-09	3.47594e-11	  85970.3	172.149	      2.24296	    9.20618	  1.18917	251.897	  0.000611163
  8.30438e-09	3.85892e-11	  85972.3	172.031	      2.59133	     9.2061	  1.18923	 251.89	  0.000610784
  8.50654e-09	4.63286e-11	  85970.9	172.163	      2.95125	    9.19778	  1.18922	251.887	  0.000611401
  8.43375e-09	4.88428e-11	  85971.7	172.137	       3.3491	    9.19197	  1.18917	  251.9	  0.000613026
  8.73253e-09	 6.0835e-11	  85975.9	172.331	       3.8025	    9.19439	  1.18895	251.961	  0.000617418
  8.99846e-09	6.18353e-11	    85979	172.626	      4.28166	    9.17663	  1.18859	252.046	  0.000622368
  8.96957e-09	6.10311e-11	  85979.1	172.756	      4.81088	    9.16388	  1.18833	  252.1	  0.000625471
  9.01303e-09	6.19697e-11	  85981.3	173.064	      5.39932	     9.1683	    1.188	252.178	   0.00062951
  9.01341e-09	6.81047e-11	  85983.8	173.252	      6.00294	    9.14385	  1.18784	252.219	  0.000633648
  8.89756e-09	6.51662e-11	  85989.5	172.863	       6.7118	    9.12786	  1.18802	252.197	  0.000633307
  9.11552e-09	6.42623e-11	  85995.6	 172.47	      7.40718	    9.12644	  1.18838	252.138	  0.000632442
  9.03576e-09	6.36046e-11	  86003.6	172.002	      8.23751	    9.10113	  1.18888	252.055	  0.000629499
  8.81224e-09	6.33169e-11	  86009.2	171.444	      9.09168	    9.08813	  1.18948	251.946	  0.000625467
  8.67576e-09	6.16886e-11	  86015.6	170.732	      10.0558	    9.07947	  1.18998	251.858	  0.000621439
   8.5817e-09	6.13993e-11	  86019.3	170.379	      11.0087	    9.06276	  1.19026	 251.81	   0.00061885
  8.36502e-09	6.16467e-11	  86025.9	169.881	      12.0316	    9.02785	  1.19078	251.718	  0.000614355
  8.36498e-09	6.11456e-11	  86033.9	 169.74	      13.0707	    9.01868	  1.19114	251.667	  0.000612677
  8.56136e-09	6.86522e-11	  86041.8	169.877	      14.1246	    8.98336	  1.19133	251.649	   0.00061319
  8.71418e-09	7.51444e-11	  86048.9	169.817	      15.2226	    8.94024	  1.19149	251.637	  0.000614823
  8.70014e-09	7.79808e-11	  86059.6	169.676	      16.3429	    8.91871	  1.19183	251.595	  0.000615433
  8.80816e-09	7.78411e-11	  86072.9	  169.9	      17.5751	    8.88438	  1.19211	251.576	  0.000616742
  8.88828e-09	8.37374e-11	  86084.5	169.842	      18.9242	    8.85942	  1.19224	251.582	   0.00061991
  9.01152e-09	8.56042e-11	  86084.6	169.954	      20.2799	    8.84213	   1.1921	251.612	  0.000624587
  9.09777e-09	8.47373e-11	  86081.7	170.357	      21.6985	    8.79707	  1.19181	251.664	  0.000628854
  9.01038e-09	 8.4945e-11	  86078.5	170.514	      23.2109	    8.74816	  1.19162	251.696	  0.000631538
  9.06065e-09	 8.5192e-11	  86076.3	170.354	      24.8221	    8.71336	  1.19166	 251.68	  0.000632433
   8.9745e-09	8.58576e-11	  86079.4	170.325	      26.3543	    8.69165	  1.19194	251.631	     0.000631
  9.05274e-09	8.47272e-11	  86082.4	170.521	      27.8557	    8.64442	  1.19215	251.595	   0.00063206
  9.19069e-09	8.48659e-11	  86090.1	170.196	      29.6308	    8.59445	  1.19255	251.532	   0.00063172
  9.20485e-09	8.34095e-11	  86102.6	170.161		31.39	    8.54535	  1.19289	251.498	  0.000630482
  9.08766e-09	8.04442e-11	    86120	170.045	      33.2369	    8.48458	  1.19331	251.459	  0.000628912
   9.1378e-09	7.68985e-11	  86134.3	170.093	      35.0412	    8.43772	  1.19362	251.437	  0.000627836
  8.87688e-09	6.94642e-11	  86148.2	169.941	      37.0479	    8.40069	  1.19379	251.442	  0.000627062
  8.75465e-09	6.58489e-11	  86165.4	169.805	      39.6367	    8.36641	  1.19395	251.457	  0.000626274
  8.53493e-09	5.84103e-11	  86184.1	169.851	      41.7153	    8.31946	  1.19418	251.464	  0.000625062
   8.5343e-09	5.78913e-11	  86203.1	170.026	      43.7708	    8.29184	  1.19421	251.514	  0.000626926
  8.49051e-09	5.88377e-11	  86224.7	170.418	      45.9065	    8.25318	  1.19422	251.573	  0.000630796
  8.42558e-09	 6.0669e-11	  86244.7	170.484	      48.1763	    8.20463	  1.19438	251.599	  0.000634099
  8.48338e-09	5.48884e-11	  86262.3	170.322	      50.4942	    8.15719	  1.19475	251.571	  0.000633757
  8.39616e-09	5.98197e-11	  86279.3	170.182	      52.8981	    8.11358	  1.19513	251.541	  0.000633369
  8.25824e-09	6.33591e-11	  86294.9	170.126	      55.3683	     8.0673	   1.1953	251.551	  0.000634705
  8.35161e-09	6.41873e-11	  86306.1	170.414	      57.8179	    8.00488	  1.19521	251.602	  0.000638838
  8.44493e-09	6.65601e-11	  86313.6	170.992	       60.298	    7.93508	  1.19501	251.667	  0.000645687
  8.56154e-09	6.56884e-11	  86319.9	171.452	      62.7548	    7.89004	  1.19484	 251.72	  0.000649651
  8.83546e-09	6.67598e-11	  86328.6	171.799	      65.2169	    7.84417	  1.19475	251.766	  0.000653214
  8.94272e-09	6.72209e-11	  86337.7	172.048	      67.8206	    7.80194	  1.19452	251.839	  0.000658534
  8.84082e-09	6.85946e-11	  86350.1	172.295	      70.5347	    7.75228	  1.19425	251.933	  0.000664744
  8.56389e-09	5.63446e-11	  86365.9	172.164	      73.5132	    7.72503	  1.19414	252.002	  0.000665962
  8.39828e-09	5.40597e-11	  86383.3	172.176	      76.4591	    7.71099	  1.19398	252.086	  0.000669269
  8.43509e-09	5.20297e-11	  86401.6	172.443	      79.3975	    7.70881	  1.19346	 252.25	  0.000675627
  8.34074e-09	4.97571e-11	  86420.7	172.931	      82.3379	     7.7015	  1.19285	252.436	  0.000682807
  8.49957e-09	4.94805e-11	  86440.8	 173.54	      85.2954	    7.65731	  1.19227	252.618	  0.000690667
  8.61605e-09	7.14421e-11	  86466.1	173.816	      88.4737	    7.62423	  1.19193	252.763	  0.000698732
  8.59442e-09	7.14977e-11	  86493.6	174.043	      91.5922	    7.60748	  1.19164	252.904	  0.000704823
  8.68746e-09	7.21249e-11	  86521.2	 174.71	      94.6465	    7.57648	  1.19121	253.077	  0.000715766
  8.95375e-09	7.90445e-11	  86544.9	175.517	      97.4538	    7.53053	  1.19063	 253.27	   0.00072906
  9.32984e-09	1.01965e-10	  86567.7	175.918	      100.609	    7.46665	  1.19023	253.422	   0.00074312
  9.14803e-09	1.00216e-10	  86588.9	175.858	       103.94	    7.39682	  1.19012	253.506	  0.000748077
  9.12638e-09	1.01823e-10	  86606.1	176.303	      107.256	    7.37341	  1.18965	253.656	  0.000757026
   9.2791e-09	1.17068e-10	  86619.1	176.882	      110.552	    7.35531	   1.1889	253.857	  0.000771555
  9.53374e-09	1.23223e-10	  86633.5	177.276	      113.947	     7.3284	  1.18831	254.024	   0.00078279
  9.72212e-09	1.28834e-10	  86647.2	177.614	      117.344	    7.28099	  1.18787	254.158	  0.000793321
  9.91662e-09	1.32663e-10	  86662.8	177.966	      120.674	    7.23168	  1.18757	254.268	  0.000802075
  1.01401e-08	1.34733e-10	  86679.9	178.465	      124.043	     7.1832	  1.18709	254.421	  0.000811988
  1.01619e-08	1.34617e-10	  86695.6	178.832	      127.527	    7.15747	  1.18655	254.584	  0.000822264
  1.02568e-08	1.37218e-10	  86715.6	179.276	      131.145	    7.13296	  1.18604	254.751	  0.000832634
  1.02715e-08	1.37214e-10	  86735.9	 179.62	      134.799	    7.11332	  1.18551	254.925	  0.000841715
  1.04222e-08	1.37836e-10	  86755.5	180.274	      138.256	    7.11547	  1.18471	255.154	  0.000855834
  1.05153e-08	1.44141e-10	  86775.1	181.141	      141.815	    7.09725	  1.18374	255.421	  0.000873147
  1.05731e-08	1.39387e-10	  86794.1	182.033	      145.384	    7.08064	  1.18271	  255.7	  0.000888838
  1.04436e-08	1.36186e-10	  86812.5	182.515		149.3	    7.06772	  1.18178	255.956	   0.00090048
  1.06331e-08	1.40019e-10	  86831.2	183.094	      153.069	    7.03929	  1.18087	256.207	  0.000914038
  1.06423e-08	 1.4023e-10	    86851	183.318	      156.975	    7.01474	   1.1801	256.434	  0.000927371
  1.07136e-08	1.47695e-10	  86870.1	183.855	      160.774	    6.96942	  1.17925	256.675	   0.00094315
  1.06709e-08	1.48295e-10	  86890.6	184.253	      164.829	    6.92251	  1.17847	256.905	  0.000957942
  1.07016e-08	1.53464e-10	  86908.2	  184.7	       168.84	    6.92183	  1.17755	257.157	  0.000973697
  1.07968e-08	1.58036e-10	  86926.7	185.545	      172.257	     6.9196	  1.17657	257.427	  0.000991854
   1.1006e-08	1.64265e-10	  86945.1	186.882	      175.317	    6.87403	  1.17556	257.702	   0.00101604
  1.13749e-08	 1.7892e-10	  86965.3	187.908	      178.815	    6.82669	  1.17469	257.954	   0.00103779
  1.15332e-08	1.88689e-10	  86983.3	188.714	       182.27	     6.7752	  1.17395	258.169	   0.00105956
  1.18156e-08	1.96112e-10	  86998.2	189.496	      185.728	    6.72548	  1.17323	258.373	    0.0010808
  1.18656e-08	2.00484e-10	  87013.1	190.237	      189.255	     6.6751	  1.17247	258.583	    0.0011011
  1.18735e-08	1.88882e-10	  87025.6	191.053	      192.805	    6.62232	  1.17161	258.811	   0.00111958
   1.1831e-08	1.97484e-10	  87036.1	191.772	      196.729	    6.57618	   1.1706	259.066	   0.00114032
  1.18318e-08	2.08211e-10	  87045.9	192.472	      200.488	    6.57316	  1.16948	259.342	   0.00116035
  1.16309e-08	 2.1215e-10	  87060.4	193.059	      204.474	    6.56971	  1.16852	259.599	   0.00117623
  1.11822e-08	1.92973e-10	    87077	193.821	       208.22	    6.57447	  1.16753	259.869	   0.00119321
   1.1312e-08	2.02641e-10	  87096.9	194.881	      211.809	    6.58339	  1.16644	 260.17	    0.0012169
  1.13929e-08	2.03836e-10	  87117.8	195.733	      215.428	    6.57302	  1.16549	260.446	   0.00123582
  1.16896e-08	2.18115e-10	  87140.7	196.669	      218.729	    6.55917	  1.16466	  260.7	   0.00125593
  1.17607e-08	2.25846e-10	  87164.6	197.725	      222.207	    6.54199	  1.16365	260.996	   0.00128059
  1.18691e-08	2.38174e-10	  87191.6	198.775	      225.693	    6.53639	  1.16259	261.316	   0.00130798
  1.18693e-08	2.41372e-10	  87215.9	199.677	      229.405	    6.52765	   1.1615	261.634	   0.00133454
  1.19128e-08	2.48839e-10	    87236	200.615	      232.902	    6.49269	  1.16053	261.912	   0.00136076
  1.18909e-08	2.62828e-10	  87253.2	201.414	      236.616	     6.4556	  1.15968	262.158	   0.00138431
  1.17242e-08	2.61704e-10	  87263.8	202.086	      240.134	    6.44171	  1.15876	262.398	   0.00140323
  1.20281e-08	2.81659e-10	  87271.5	203.315	      242.968	    6.39702	  1.15771	262.658	   0.00143337
  1.22911e-08	2.93258e-10	    87281	204.335	      245.924	    6.31827	  1.15688	262.875	   0.00145937
   1.2357e-08	2.96494e-10	  87291.5	205.141	      248.965	    6.27255	  1.15609	263.085	   0.00147874
  1.25391e-08	3.19327e-10	    87300	205.999	      252.107	    6.22074	  1.15529	263.295	   0.00150143
  1.25604e-08	3.29543e-10	  87308.1	 207.08	      255.173	    6.18128	  1.15436	263.532	   0.00152819
  1.23206e-08	3.30953e-10	  87319.1	207.919	      258.471	     6.1632	  1.15345	263.771	   0.00154996
  1.22765e-08	3.39848e-10	  87330.9	208.791	      261.666	    6.16069	   1.1525	264.024	   0.00157244
  1.21822e-08	4.00045e-10	  87341.4	209.673	      264.658	    6.17111	  1.15155	264.274	   0.00159618
  1.20083e-08	4.79184e-10	    87352	210.682	      267.633	    6.17584	  1.15053	264.541	   0.00162171
  1.18568e-08	4.96165e-10	  87364.8	211.663	      270.559	    6.14187	  1.14958	264.798	   0.00164833
  1.17044e-08	5.06051e-10	  87372.3	212.392	      273.905	    6.10282	   1.1487	265.024	   0.00167529
  1.16108e-08	5.66409e-10	  87378.5	212.961	      277.048	    6.09045	  1.14782	265.246	   0.00170091
  1.13211e-08	6.36914e-10	  87384.9	213.499	      280.277	    6.07821	  1.14691	265.475	   0.00172562
  1.10624e-08	6.86999e-10	  87390.9	214.059	      283.422	    6.09754	  1.14592	265.724	   0.00174714
  1.08463e-08	7.94743e-10	  87397.3	214.624	      286.428	    6.11017	  1.14489	265.981	    0.0017698
  1.06006e-08	7.97308e-10	  87404.8	215.196	      289.598	    6.13187	   1.1439	266.235	   0.00179275
  1.04404e-08	7.93636e-10	  87411.2	216.092	      292.251	    6.14171	  1.14283	266.504	   0.00181874
  1.06366e-08	8.24377e-10	  87416.1	216.894	      294.639	    6.14523	  1.14186	266.745	   0.00184507
  1.06806e-08	8.74003e-10	  87420.5	217.664	      297.032	    6.11723	  1.14103	266.952	   0.00187283
  1.06875e-08	9.59462e-10	  87422.7	218.386	      299.542	    6.08484	  1.14016	267.163	   0.00190283
  1.10137e-08	1.02785e-09	  87427.4	219.229	      301.606	    6.05675	  1.13934	 267.37	   0.00193477
  1.10586e-08	1.05051e-09	  87431.5	219.883	      303.978	    6.05662	  1.13847	267.586	   0.00196577
  1.12116e-08	1.09743e-09	  87432.9	220.833	      306.016	    6.05553	  1.13747	267.825	   0.00200176
  1.07199e-08	1.17156e-09	  87433.9	 221.55	       308.56	    6.04288	  1.13648	268.063	   0.00203097
  1.03368e-08	1.18101e-09	  87434.4	222.116	      311.046	    6.03343	  1.13559	268.275	   0.00205727
   9.9756e-09	 1.2134e-09	  87429.1	222.683	      313.169	    6.03109	   1.1347	268.469	   0.00208039
  9.86685e-09	1.25957e-09	  87424.7	223.455	      315.162	    5.99653	  1.13384	268.658	   0.00210987
  9.77366e-09	1.31731e-09	  87419.3	223.958	      317.415	    5.97657	  1.13299	268.843	   0.00213442
  9.94074e-09	1.33234e-09	  87411.3	224.807	       318.71	    5.94165	  1.13212	269.025	   0.00216164
  1.00135e-08	1.35951e-09	  87403.8	225.541	      320.282	    5.89402	  1.13138	269.178	   0.00219079
   9.7682e-09	1.44157e-09	  87397.1	 225.87	      322.154	    5.88107	  1.13071	269.316	   0.00220914
  9.45558e-09	1.56823e-09	  87391.9	226.466	      323.684	    5.90893	  1.12996	269.481	   0.00223319
  9.38431e-09	1.65224e-09	  87387.7	227.222	      325.164	    5.91317	  1.12914	269.662	   0.00226517
  9.18108e-09	  1.651e-09	  87385.8	227.632	      327.007	    5.91261	  1.12838	269.839	   0.00229207
  9.35518e-09	1.68953e-09	  87384.5	228.274	      327.997	    5.90747	  1.12767	270.004	   0.00231851
  9.58781e-09	1.71767e-09	  87383.1	229.254	      328.622	    5.88376	  1.12698	270.166	   0.00235126
    9.804e-09	1.82587e-09	  87381.6	230.451	      328.944	    5.85621	  1.12623	270.339	   0.00238119
    9.942e-09	1.91966e-09	  87381.1	231.251	      329.699	     5.8186	  1.12559	270.493	   0.00240856
  1.01094e-08	1.90895e-09	  87379.2	231.821	      330.513	    5.80793	    1.125	270.629	     0.002434
  1.01015e-08	2.06742e-09	  87374.9	232.605	      330.848	     5.8211	  1.12433	270.778	   0.00246228
  1.01951e-08	2.41927e-09	  87372.9	233.276	      331.167	    5.80331	  1.12373	270.916	   0.00249058
  9.99384e-09	2.42889e-09	  87374.7	233.458	       332.22	    5.78803	  1.12329	271.026	   0.00250873
  9.93611e-09	2.48851e-09	  87372.3	233.836	      332.533	    5.79594	  1.12281	271.136	   0.00252609
  9.99317e-09	2.69925e-09	    87373	234.397	      332.679	    5.75757	  1.12239	271.239	   0.00255152
  9.95813e-09	2.65737e-09	  87375.1	234.944	      332.902	    5.72975	  1.12197	271.346	   0.00257603
    9.945e-09	2.82638e-09	  87375.6	235.533	      332.751	    5.72054	   1.1215	271.463	   0.00260229
  9.84471e-09	3.04652e-09	    87377	235.882	      332.992	    5.72804	  1.12103	 271.58	   0.00262549
  9.61269e-09	3.14789e-09	  87381.8	236.535	      332.807	    5.71943	  1.12063	271.693	   0.00265043
  9.51138e-09	3.28398e-09	  87388.1	237.037	      332.715	    5.69924	  1.12029	271.794	   0.00267211
  9.34639e-09	3.45501e-09	  87392.3	237.497	       332.24	    5.70717	  1.11989	271.904	   0.00269605
  9.05623e-09	3.62108e-09	  87392.2	 237.85	       331.92	    5.71717	  1.11947	272.006	   0.00271531
  8.88227e-09	3.62388e-09	  87391.7	 238.19	      331.735	    5.70346	  1.11909	272.097	   0.00273161
    8.562e-09	3.64029e-09	  87392.1	238.439	      331.406	    5.68675	   1.1188	272.168	   0.00274451
  8.54739e-09	3.63239e-09	  87392.4	 238.71	       330.83	    5.68446	  1.11853	272.236	   0.00276242
  8.68579e-09	3.88843e-09	  87390.4	239.396	      329.179	      5.695	  1.11818	272.313	   0.00278366
  8.75147e-09	4.05482e-09	  87392.4	240.014	      328.014	    5.68893	  1.11788	272.393	   0.00281007
  8.75924e-09	 4.3158e-09	  87391.9	240.678	       326.32	    5.71713	  1.11752	 272.48	   0.00283039
  8.61509e-09	4.47789e-09	  87392.7	241.406	       324.78	    5.73826	  1.11713	272.577	     0.002855
  8.38436e-09	4.66624e-09	  87397.1	 241.77	      323.888	    5.76532	  1.11679	272.673	   0.00287467
  8.43492e-09	5.00618e-09	  87401.7	242.305	      322.122	    5.79724	  1.11645	272.771	   0.00289802
  8.56503e-09	5.20991e-09	  87408.4	242.756	      320.546	    5.82012	   1.1162	272.852	    0.0029203
  8.43499e-09	5.37327e-09	  87414.7	242.969	      319.108	    5.82427	  1.11602	272.918	   0.00293849
  8.20323e-09	5.60595e-09	  87420.2	243.023	      317.836	    5.84272	  1.11586	272.974	   0.00295278
  8.04502e-09	5.91888e-09	  87423.2	243.508	      315.734	     5.8787	  1.11561	273.045	   0.00297114
   7.7986e-09	6.16144e-09	  87426.6	243.915	      314.055	    5.90704	  1.11534	273.121	   0.00298886
  7.61734e-09	6.28067e-09	  87428.9	243.902	      312.671	    5.93705	  1.11511	273.185	   0.00299858
   7.2998e-09	6.38099e-09	  87431.7	243.741	      311.554	    5.97122	  1.11493	273.238	    0.0030081
   6.9604e-09	6.29244e-09	  87431.5	243.772	      309.807	    6.02632	  1.11471	 273.29	   0.00301679
  6.90933e-09	6.42978e-09	  87429.8	244.087	      307.545	    6.04074	   1.1145	273.337	   0.00303045
  7.10334e-09	6.64892e-09	  87426.4	244.406	      305.133	    6.02467	  1.11438	273.355	   0.00304062
  6.97467e-09	6.50874e-09	  87421.1	244.259	      303.436	    6.05057	  1.11429	273.362	   0.00304128
  7.26318e-09	6.65955e-09	  87412.6	244.565	      300.678	    6.06332	  1.11414	 273.37	   0.00304973
  7.33664e-09	6.81528e-09	  87410.1	244.795	      298.319	    6.07535	  1.11407	273.381	   0.00306212
   7.4024e-09	6.68368e-09	  87407.2	245.021	      295.667	    6.13156	  1.11394	273.404	   0.00306613
  7.45073e-09	6.83801e-09	  87405.4	245.247	      293.333	    6.17176	  1.11387	273.414	   0.00307097
  7.43552e-09	7.15204e-09	  87403.4	245.591	      290.237	    6.21254	  1.11385	273.414	   0.00307499
   7.5144e-09	7.33959e-09	  87400.5	246.203	      286.686	    6.23773	  1.11382	273.412	   0.00308189
  7.71627e-09	7.50579e-09	  87397.7	 246.54	      283.585	    6.25229	  1.11382	273.403	   0.00308664
  7.78819e-09	7.58694e-09	  87395.2	 246.79	      280.581	    6.28501	  1.11383	273.392	   0.00308859
  7.91798e-09	7.75812e-09	  87393.7	247.123	      277.659	    6.29927	  1.11385	273.382	    0.0030911
  7.98468e-09	7.94827e-09	    87393	247.271	      274.925	    6.32506	  1.11392	273.365	   0.00308972
   7.9125e-09	8.29866e-09	  87389.7	247.479	      271.732	    6.37052	  1.11398	273.339	   0.00308555
  8.13544e-09	8.33823e-09	  87385.9	247.678	      268.554	    6.38869	  1.11404	273.311	   0.00308488
  8.20731e-09	8.34015e-09	  87382.5	247.743	      265.364	    6.39867	  1.11413	 273.28	   0.00307936
    8.191e-09	8.24141e-09	  87380.5	247.633	      262.865	    6.40034	  1.11425	273.243	   0.00307203
  8.17665e-09	8.27295e-09	  87377.6	247.449	      260.201	    6.42241	  1.11437	273.205	   0.00305876
  8.36619e-09	8.15081e-09	    87377	247.204	      257.518	    6.44513	  1.11455	273.159	   0.00304896
  8.40936e-09	8.03272e-09	  87377.1	247.133	      254.343	    6.47097	  1.11473	273.114	   0.00303784
  8.63335e-09	7.96736e-09	  87374.2	247.198	      251.101	    6.49891	  1.11485	273.077	   0.00303239
  8.68342e-09	7.76629e-09	  87370.1	247.096	      248.444	    6.52312	  1.11496	273.038	    0.0030212
  8.71365e-09	7.59955e-09	  87364.1	246.793	      245.779	    6.54407	  1.11512	 272.98	   0.00300802
  8.82279e-09	7.48274e-09	  87357.6	246.443	      243.131	    6.56274	  1.11532	272.909	   0.00299356
  9.11215e-09	7.24658e-09	  87353.2	246.281	      239.959	    6.56551	  1.11561	272.825	    0.0029766
  9.40804e-09	7.08401e-09	  87350.4	246.154	      236.514	    6.57062	  1.11599	272.725	   0.00295681
  9.91544e-09	6.95699e-09	  87346.2	246.224	      232.938	    6.59076	  1.11625	272.646	   0.00294464
   1.0207e-08	6.94403e-09	  87341.1	246.346	      229.326	    6.60272	  1.11652	272.565	   0.00293411
  1.05772e-08	6.82988e-09	  87332.6	 246.28	      225.676	    6.60584	  1.11681	272.468	   0.00291972
  1.09388e-08	 6.8276e-09	  87325.4	246.169	      222.274	    6.59221	  1.11716	272.359	   0.00290433
  1.10535e-08	6.79418e-09	  87320.1	245.985	      219.048	    6.57343	  1.11756	272.245	   0.00288696
  1.10397e-08	6.42812e-09	  87317.8	245.518	      216.335	    6.59201	  1.11798	272.137	   0.00286334
  1.11683e-08	6.28587e-09	  87317.5	245.237	      213.006	    6.62473	  1.11839	272.035	   0.00284553
  1.11677e-08	6.15715e-09	  87314.7	244.892	      209.909	    6.67674	  1.11878	271.933	   0.00282386
  1.13544e-08	5.96769e-09	    87309	244.771	      206.452	    6.69623	  1.11919	271.815	   0.00280434
   1.1303e-08	  6.002e-09	  87301.3	244.284	      203.681	    6.70339	  1.11967	271.674	     0.002781
  1.14485e-08	5.86216e-09	  87290.9	243.789	      200.245	     6.7165	  1.12016	271.523	   0.00275419
   1.1636e-08	5.48544e-09	  87281.1	243.234	      197.369	    6.71348	  1.12068	271.367	   0.00272807
  1.19536e-08	 5.2652e-09	  87274.2	242.729	      194.551	    6.71069	  1.12122	271.215	    0.0027048
  1.22891e-08	5.08964e-09	  87266.3	242.076	      191.681	    6.74797	  1.12175	271.063	   0.00267502
  1.23403e-08	4.85099e-09	  87256.3	241.455	      188.657	    6.77917	  1.12228	270.903	    0.0026443
  1.26953e-08	4.54865e-09	  87245.6	241.007	       185.33	     6.8048	  1.12284	270.735	   0.00261352
  1.31161e-08	4.44246e-09	    87235	240.485	      182.074	    6.80706	  1.12346	270.553	   0.00258466
  1.36314e-08	4.11722e-09	    87227	 239.91	      178.846	    6.79799	  1.12411	270.371	    0.0025618
  1.38421e-08	 4.1413e-09	  87220.1	239.375	      175.532	    6.81918	  1.12481	270.182	   0.00253308
  1.41178e-08	4.07764e-09	  87211.2	    239	      172.254	    6.87548	  1.12541	270.011	   0.00250536
   1.4351e-08	3.95017e-09	  87200.5	238.454	      168.993	    6.92616	  1.12601	269.833	   0.00247525
  1.47634e-08	3.73865e-09	  87193.7	238.244	      165.432	    6.93655	  1.12665	269.659	   0.00245067
  1.50053e-08	3.59679e-09	  87186.4	237.622	      162.403	    6.97533	  1.12733	269.474	   0.00241935
  1.51934e-08	 3.5208e-09	  87173.6	236.863	      159.377	    7.03624	  1.12795	269.286	   0.00238571
  1.54593e-08	3.48951e-09	    87162	236.396	      156.117	    7.06213	  1.12856	269.105	   0.00235721
  1.56624e-08	 3.3545e-09	  87148.1	235.903	      152.776	    7.06971	  1.12919	268.912	   0.00233007
  1.57242e-08	3.24618e-09	    87137	235.383	      149.542	    7.07176	  1.12988	268.713	    0.0023036
  1.58822e-08	3.08448e-09	  87124.1	234.932	      146.162	    7.10974	   1.1305	268.527	   0.00227346
  1.59963e-08	3.01248e-09	  87108.4	234.419	      142.868	     7.1559	  1.13111	268.333	   0.00224697
  1.63393e-08	2.86038e-09	  87090.3	233.656	      140.009	      7.185	  1.13178	268.119	   0.00221956
  1.62296e-08	2.72492e-09	  87073.6	232.656	      137.342	    7.18068	  1.13265	267.861	   0.00218338
  1.60955e-08	2.59352e-09	  87056.6	231.716	      134.356	     7.2068	  1.13354	267.598	   0.00214726
  1.62382e-08	2.54048e-09	  87043.1	231.194	       131.24	    7.23952	  1.13438	267.359	   0.00211685
  1.64786e-08	2.49377e-09	  87031.3	230.602	      128.221	    7.27699	  1.13525	267.117	    0.0020855
  1.64134e-08	2.39727e-09	  87019.4	229.975	      125.136	    7.35292	  1.13602	266.899	   0.00205201
  1.65291e-08	2.39073e-09	  87005.4	229.373	      121.949	    7.44586	  1.13677	266.681	   0.00201919
  1.66942e-08	2.32223e-09	  86989.1	228.985	      118.631	    7.50506	  1.13741	 266.48	   0.00199109
  1.68029e-08	2.24715e-09	  86975.2	228.739	      115.475	     7.5258	  1.13801	266.297	   0.00196875
  1.73167e-08	2.16882e-09	  86961.2	228.233	      112.398	    7.55324	  1.13865	266.105	   0.00194358
  1.79048e-08	2.01691e-09	  86948.8	227.803	      109.223	    7.56208	  1.13933	265.908	   0.00192137
  1.81001e-08	1.95071e-09	  86936.3	227.183	      106.225	    7.57841	  1.14009	265.692	   0.00189639
  1.80634e-08	1.85617e-09	  86924.3	226.318	      103.534	    7.62361	  1.14093	265.461	   0.00186583
  1.81385e-08	1.71017e-09	  86908.3	225.213	      100.939	    7.69615	  1.14174	265.223	   0.00183397
  1.81236e-08	1.59125e-09	  86893.3	 224.68	      97.9863	    7.72124	  1.14245	265.013	   0.00181048
   1.8223e-08	1.56395e-09	  86881.4	223.866	      95.2126	    7.74058	  1.14335	264.768	   0.00178505
  1.79172e-08	1.43561e-09	  86869.4	222.754	       92.758	    7.79309	  1.14429	264.515	   0.00175203
  1.74294e-08	1.11679e-09	  86860.1	221.783	      90.2331	    7.86015	  1.14515	264.288	   0.00172035
  1.71302e-08	1.06771e-09	  86850.8	220.801	       87.589	    7.93688	  1.14607	264.046	   0.00168885
  1.71361e-08	9.47774e-10	  86839.9	220.154	      84.9515	    7.99619	  1.14672	263.864	   0.00166637
  1.69324e-08	9.17404e-10	  86829.8	219.458	      82.2801	    8.02778	  1.14747	263.661	   0.00164213
  1.70818e-08	8.70858e-10	  86819.2	218.733	      79.6311	    8.04101	  1.14829	263.441	   0.00161912
  1.68918e-08	8.41443e-10	  86807.4	217.666	      77.2431	    8.07529	   1.1492	263.197	   0.00159132
   1.6772e-08	7.96083e-10	  86796.7	216.827	      74.6256	    8.09691	   1.1501	262.958	   0.00156615
  1.70398e-08	7.70416e-10	  86790.6	216.276	      71.9445	    8.09307	  1.15096	262.743	   0.00154555
   1.7282e-08	6.56982e-10	  86783.6	 215.26	      69.5105	    8.12279	  1.15195	262.496	   0.00151706
  1.71904e-08	 6.5896e-10	  86783.1	214.043	      67.2553	    8.17352	  1.15313	262.225	   0.00148519
  1.70186e-08	6.40237e-10	  86785.1	212.967	      64.8572	    8.23669	  1.15431	261.964	   0.00145459
  1.70196e-08	6.29785e-10	  86784.9	212.043	      62.6037	    8.28107	  1.15531	261.735	   0.00142837
  1.69909e-08	6.22456e-10	  86785.6	 211.45	      60.2517	    8.30241	  1.15612	261.555	   0.00140497
  1.65746e-08	6.15015e-10	  86790.2	210.799	      57.9548	    8.33078	  1.15694	261.384	   0.00138399
  1.63433e-08	6.90228e-10	  86792.9	210.006	      55.6048	    8.40345	  1.15772	261.216	   0.00136438
  1.65247e-08	6.92542e-10	  86792.6	209.632	      53.3867	    8.45168	  1.15822	261.103	   0.00135253
  1.63282e-08	6.48985e-10	  86790.1	209.005	      51.1872	    8.48574	  1.15879	260.966	   0.00133684
  1.59917e-08	 6.2618e-10	  86785.8	208.394	      49.0705	     8.5149	  1.15941	260.814	   0.00132201
  1.61865e-08	 5.5733e-10	  86777.3	207.725	      46.9197	    8.50526	  1.16017	260.618	   0.00130769
  1.59835e-08	5.64529e-10	  86773.8	206.783	      44.9103	    8.46912	  1.16118	 260.38	   0.00129176
  1.57895e-08	5.68981e-10	  86770.1	205.735	      42.9445	    8.46294	  1.16229	260.119	   0.00127022
  1.57316e-08	5.53749e-10	  86768.8	204.541	      41.1377	    8.48058	  1.16346	259.854	    0.0012459
  1.53632e-08	5.33052e-10	  86763.4	203.506	      39.3936	    8.50656	  1.16442	259.624	   0.00122264
  1.54409e-08	 5.2147e-10	  86754.1	202.858	      37.5191	    8.51682	  1.16512	259.441	   0.00120629
   1.5673e-08	5.06001e-10	  86744.5	202.304	      35.6938	    8.52617	  1.16579	259.262	   0.00119267
  1.60188e-08	5.17196e-10	  86734.1	201.989	      33.7978	    8.50938	  1.16641	259.093	     0.001182
  1.62359e-08	4.92507e-10	    86728	201.565	      31.9592	     8.4713	  1.16724	258.891	   0.00116678
   1.6141e-08	5.11177e-10	    86720	200.676	      30.3932	    8.48342	  1.16821	258.653	   0.00114637
  1.60777e-08	5.25885e-10	  86710.2	200.109	      28.6297	    8.50982	  1.16893	258.464	    0.0011309
   1.6207e-08	5.22443e-10	  86701.2	199.698	      26.9549	    8.51104	  1.16961	258.287	    0.0011185
   1.6636e-08	5.29307e-10	  86687.6	199.359	      25.3094	     8.5028	  1.17019	258.119	   0.00110671
  1.68473e-08	5.21595e-10	  86668.1	199.241	      23.7296	    8.47334	  1.17042	 258.01	   0.00109723
  1.70426e-08	 5.1794e-10	  86653.2	198.953	      22.2983	    8.43552	  1.17091	257.858	    0.0010854
  1.71945e-08	5.15683e-10	  86640.9	198.316	      20.9472	    8.42089	  1.17153	257.684	   0.00107383
   1.7414e-08	5.12282e-10	  86626.1	198.112	      19.5923	    8.41459	   1.1719	257.559	   0.00106567
  1.77622e-08	 5.1264e-10	  86610.9	198.112	      18.2625	    8.40236	  1.17211	257.468	   0.00105937
  1.78779e-08	5.14104e-10	  86600.3	197.806	      16.9837	    8.37504	  1.17261	257.326	   0.00105134
  1.75878e-08	5.14797e-10	  86592.1	197.081		15.81	    8.38284	  1.17337	257.136	   0.00103677
  1.72532e-08	5.16488e-10	  86583.9	196.664	      14.6812	    8.39305	  1.17392	256.991	   0.00102634
  1.72729e-08	4.86493e-10	  86573.5	196.356	      13.4962	    8.38246	   1.1744	256.855	   0.00101949
  1.75746e-08	4.74435e-10	  86561.2	196.166	      12.3663	    8.37457	  1.17484	256.721	   0.00101248
  1.78988e-08	4.62411e-10	  86554.1	196.102	      11.3251	    8.35699	  1.17529	256.603	   0.00100645
  1.78638e-08	4.54133e-10	  86547.6	195.546	      10.4023	    8.35244	  1.17593	256.444	  0.000996145
  1.79373e-08	4.47564e-10	  86536.2	195.115	      9.47426	     8.3578	  1.17648	256.289	  0.000987113
  1.83353e-08	4.04058e-10	  86520.9	195.143	      8.59448	    8.34491	  1.17666	256.204	  0.000983513
  1.82764e-08	3.95817e-10	  86511.5	194.488	       7.8211	     8.3357	  1.17727	256.044	  0.000969699
  1.84432e-08	3.89141e-10	    86506	193.686	      7.10569	    8.35928	  1.17797	255.877	  0.000957052
   1.8669e-08	3.93052e-10	  86501.2	193.265	      6.43869	    8.37527	  1.17836	255.778	  0.000948826
  1.84883e-08	3.87185e-10	  86498.3	193.038	      5.83316	    8.42214	  1.17854	 255.73	  0.000940892
  1.86417e-08	3.85743e-10	  86490.2	 193.13	      5.21437	    8.46759	  1.17834	255.749	  0.000939319
  1.90819e-08	3.68994e-10	  86484.6	 193.47	      4.64724	    8.47635	  1.17819	255.766	  0.000938783
  1.92916e-08	3.65423e-10	    86476	 193.59	      4.12654	    8.46793	  1.17814	255.751	  0.000937143
  1.91604e-08	4.39101e-10	  86467.1	193.341	      3.64388	    8.47455	  1.17837	255.675	  0.000930465
  1.85883e-08	4.35098e-10	  86463.3	192.824	      3.23173	    8.51973	  1.17888	255.552	  0.000919017
  1.81164e-08	4.31742e-10	  86454.9	192.294	       2.8269	     8.5684	  1.17932	255.432	  0.000909588
  1.77049e-08	3.97788e-10	  86446.2	 191.59	      2.48218	    8.59444	  1.17982	255.298	    0.0008991
  1.71231e-08	3.74357e-10	  86431.4	190.934	       2.1626	    8.63256	   1.1801	255.195	  0.000890372
   1.6955e-08	3.49523e-10	  86416.2	190.593	      1.86789	    8.66415	   1.1801	255.149	  0.000885823
   1.7098e-08	3.25478e-10	  86400.7	190.524	      1.58234	    8.65743	  1.18007	255.109	  0.000883121
  1.71207e-08	3.32651e-10	  86389.5	190.239	      1.34142	    8.65092	  1.18016	255.058	   0.00088052
  1.69885e-08	3.43476e-10	  86381.3	189.928	      1.13402	    8.64695	  1.18031	    255	  0.000877526
  1.68946e-08	3.43424e-10	  86379.4	189.491	     0.952625	    8.65893	  1.18077	254.896	  0.000870229
  1.65046e-08	3.39827e-10	    86375	188.894	     0.797856	    8.68038	  1.18124	254.782	  0.000861314
  1.63523e-08	3.39413e-10	    86367	188.505	      0.65206	    8.67768	  1.18155	254.692	  0.000853423
  1.57359e-08	3.36461e-10	  86359.6	187.661	     0.536407	    8.70319	  1.18201	254.569	  0.000842348
  1.51568e-08	3.29282e-10	  86349.3	 186.67	     0.441285	    8.75977	  1.18251	254.431	  0.000829823
  1.47362e-08	3.23194e-10	  86333.6	186.105	     0.349658	    8.81922	  1.18268	 254.35	  0.000820327
  1.45915e-08	3.13915e-10	  86314.5	185.759	     0.267981	    8.84239	  1.18274	254.281	  0.000815397
  1.44536e-08	3.06399e-10	  86298.7	 185.55	      0.20471	    8.86232	  1.18278	254.225	  0.000810448
  1.42926e-08	3.01597e-10	  86282.1	185.378	     0.152251	    8.88853	  1.18267	  254.2	  0.000805838
  1.40467e-08	3.02935e-10	  86266.3	185.327	      0.10912	    8.88936	  1.18252	254.186	  0.000802591
  1.35485e-08	2.99563e-10	  86254.4	184.905	    0.0760009	    8.90778	   1.1827	254.112	  0.000795136
  1.34534e-08	2.96975e-10	  86246.4	184.611	    0.0499915	    8.93437	  1.18291	254.042	  0.000789271
  1.31641e-08	2.89738e-10	  86245.1	184.195	    0.0317844	    8.95737	  1.18323	 253.97	  0.000782183
  1.27435e-08	2.32907e-10	  86247.7	183.644	    0.0199517	    8.97878	  1.18375	253.866	  0.000771816
  1.25126e-08	2.30949e-10	    86243	 183.35	    0.0105659	    9.00152	  1.18398	253.804	  0.000767148
  1.23322e-08	2.29308e-10	  86231.3	183.507	   0.00445548	    8.98926	  1.18397	253.771	  0.000765898
  1.18972e-08	2.23444e-10	  86218.2	182.888	   0.00144072	    8.99176	  1.18434	253.653	  0.000757776
  1.17315e-08	2.24529e-10	  86206.9	182.204	  0.000151316	    8.99109	   1.1849	253.501	  0.000748174
  1.15429e-08	1.90707e-10	  86196.2	181.457	  3.07071e-06	    8.99298	  1.18558	253.322	  0.000736012
  1.10161e-08	1.86267e-10	  86184.9	180.555	  3.09122e-06	    9.01978	  1.18614	 253.17	  0.000724555
  1.04819e-08	1.83181e-10	  86173.8	179.588	  3.11289e-06	    9.07196	  1.18669	253.021	  0.000713278
  1.02795e-08	9.76542e-11	  86162.8	179.221	  3.11924e-06	    9.11667	  1.18697	 252.93	   0.00070533
  1.03795e-08	9.42092e-11	  86148.8	179.375	  3.11653e-06	     9.1155	  1.18684	252.915	  0.000701621
  1.03074e-08	9.26851e-11	    86143	179.459	  3.11609e-06	    9.07643	  1.18682	252.902	  0.000698119
  1.01569e-08	9.42272e-11	  86143.2	179.082	  3.12327e-06	    9.08604	  1.18713	252.836	  0.000692643
   1.0123e-08	9.43099e-11	  86144.5	  178.8	  3.13232e-06	    9.08632	  1.18733	252.799	  0.000688692
  1.01522e-08	8.86494e-11	  86143.3	178.772	  3.13324e-06	    9.07984	  1.18741	252.779	  0.000686779
  1.00215e-08	8.70943e-11	    86155	178.688	  3.15546e-06	    9.09034	   1.1874	252.814	  0.000686721
  9.83875e-09	7.81681e-11	  86154.1	178.158	  3.16391e-06	      9.116	  1.18767	252.754	  0.000681888
  9.34583e-09	 5.5513e-11	  86156.3	177.619	   3.1739e-06	    9.17977	  1.18791	252.709	  0.000676449
   9.0054e-09	5.10361e-11	  86153.1	177.279	  3.17761e-06	    9.21445	  1.18792	252.698	  0.000672557
  8.85877e-09	4.79717e-11	    86148	177.018	  3.19284e-06	    9.23601	  1.18779	 252.71	  0.000670145
  8.60203e-09	4.69287e-11	  86138.1	176.749	  3.21758e-06	    9.29619	  1.18759	252.723	  0.000667495
  8.68253e-09	4.80428e-11	    86132	177.104	  3.23249e-06	    9.29028	  1.18733	252.761	  0.000668397
   8.7213e-09	4.83571e-11	  86129.5	 176.99	  3.24614e-06	    9.25585	   1.1874	 252.74	  0.000667392
  8.69209e-09	4.80933e-11	  86127.2	176.734	  3.25813e-06	    9.25152	  1.18756	252.698	  0.000664617
  8.70024e-09	4.63227e-11	  86124.6	176.609	  3.26547e-06	    9.24938	  1.18762	252.678	   0.00066364
  8.49349e-09	  4.215e-11	  86123.1	176.093	  3.27541e-06	    9.23975	  1.18791	252.612	  0.000658607
   8.3252e-09	4.30875e-11	  86119.3	 175.75	  3.29368e-06	    9.24303	  1.18816	252.547	  0.000653114
  8.17104e-09	3.99547e-11	    86111	175.271	  3.31969e-06	    9.26358	  1.18833	252.488	  0.000648681
  8.09076e-09	3.89445e-11	  86101.5	174.798	  3.34517e-06	    9.26742	  1.18838	252.448	  0.000646363
  8.01777e-09	 3.8808e-11	  86087.4	174.568	  3.37134e-06	    9.27574	  1.18837	 252.41	  0.000644435
