      234.891	    0.79869		0   4.29742e-09		    0	4.29742e-09
      234.864	   0.798744		0    4.3053e-09		    0	 4.3053e-09
      234.858	    0.79873		0   4.28127e-09		    0	4.28127e-09
      234.797	   0.798833		0   4.22127e-09		    0	4.22127e-09
      234.677	   0.799067		0   4.10918e-09		    0	4.10918e-09
      234.611	   0.799121		0   4.07416e-09		    0	4.07416e-09
      234.594	   0.799203		0   4.08314e-09		    0	4.08314e-09
      234.586	   0.799282		0   4.04771e-09		    0	4.04771e-09
      234.591	   0.799393		0   4.03434e-09		    0	4.03434e-09
      234.643	   0.799313		0   4.10281e-09		    0	4.10281e-09
      234.639	   0.799362		0    4.0591e-09		    0	 4.0591e-09
      234.606	   0.799433		0   4.04603e-09		    0	4.04603e-09
      234.585	   0.799523		0   3.96786e-09		    0	3.96786e-09
      234.555	   0.799547		0   3.88863e-09		    0	3.88863e-09
      234.612	   0.799312		0   3.88714e-09		    0	3.88714e-09
       234.54	   0.799222		0   3.86586e-09		    0	3.86586e-09
      234.454	   0.799182		0   3.81071e-09		    0	3.81071e-09
      234.417	   0.799074		0   3.75283e-09		    0	3.75283e-09
      234.381	    0.79893		0   3.73774e-09		    0	3.73774e-09
      234.392	   0.798943		0   3.74944e-09		    0	3.74944e-09
      234.401	   0.798913		0   3.73933e-09		    0	3.73933e-09
      234.394	   0.798855		0    3.6811e-09		    0	 3.6811e-09
      234.399	   0.799042		0     3.631e-09		    0	  3.631e-09
      234.401	   0.799204		0   3.62316e-09		    0	3.62316e-09
      234.412	   0.799185		0   3.60839e-09		    0	3.60839e-09
       234.41	    0.79932		0   3.55574e-09		    0	3.55574e-09
	234.4	   0.799224		0   3.58589e-09		    0	3.58589e-09
       234.41	   0.799161		0   3.60724e-09		    0	3.60724e-09
      234.385	   0.799113		0   3.57053e-09		    0	3.57053e-09
      234.367	   0.799001		0   3.50808e-09		    0	3.50808e-09
      234.383	   0.798886		0   3.49665e-09		    0	3.49665e-09
      234.379	   0.798857		0   3.49672e-09		    0	3.49672e-09
      234.348	   0.798922		0   3.45391e-09		    0	3.45391e-09
      234.349	   0.798838		0   3.44811e-09		    0	3.44811e-09
      234.392	   0.798761		0   3.52135e-09		    0	3.52135e-09
      234.407	   0.798698		0   3.55077e-09		    0	3.55077e-09
      234.408	   0.798707		0   3.48518e-09		    0	3.48518e-09
      234.384	   0.798621		0   3.41217e-09		    0	3.41217e-09
      234.298	   0.798466		0   3.38337e-09		    0	3.38337e-09
      234.177	   0.798385		0   3.30438e-09		    0	3.30438e-09
      234.063	   0.798268		0   3.25382e-09		    0	3.25382e-09
      234.038	   0.798115		0   3.31751e-09		    0	3.31751e-09
      234.011	   0.797925		0    3.2728e-09		    0	 3.2728e-09
      233.987	   0.797849		0   3.29395e-09		    0	3.29395e-09
      233.949	   0.797739		0   3.20865e-09		    0	3.20865e-09
      233.989	   0.797723		0   3.27333e-09		    0	3.27333e-09
      234.009	   0.797627		0   3.32226e-09		    0	3.32226e-09
      233.992	   0.797689		0   3.37201e-09		    0	3.37201e-09
      233.963	   0.797687		0   3.39871e-09		    0	3.39871e-09
	233.9	   0.797577		0   3.35677e-09		    0	3.35677e-09
      233.882	   0.797395		0   3.38585e-09		    0	3.38585e-09
      233.859	   0.797325		0   3.43357e-09		    0	3.43357e-09
       233.83	   0.797201		0   3.44526e-09		    0	3.44526e-09
      233.824	   0.797045		0   3.43761e-09		    0	3.43761e-09
      233.804	   0.797029		0   3.40221e-09		    0	3.40221e-09
      233.776	   0.796918		0   3.35434e-09		    0	3.35434e-09
      233.801	   0.797003		0   3.35958e-09		    0	3.35958e-09
      233.778	   0.796967		0   3.30718e-09		    0	3.30718e-09
      233.745	   0.797033		0    3.2125e-09		    0	 3.2125e-09
      233.712	   0.797097		0   3.27553e-09		    0	3.27553e-09
      233.731	   0.797077		0   3.32348e-09		    0	3.32348e-09
      233.724	   0.797099		0    3.3216e-09		    0	 3.3216e-09
      233.744	   0.796931		0   3.30662e-09		    0	3.30662e-09
      233.811	   0.796729		0   3.34176e-09		    0	3.34176e-09
      233.855	   0.796677		0   3.37608e-09		    0	3.37608e-09
      233.869	   0.796529		0   3.31651e-09		    0	3.31651e-09
       233.85	    0.79645		0    3.2765e-09		    0	 3.2765e-09
      233.833	   0.796359		0   3.23791e-09		    0	3.23791e-09
      233.852	   0.796251		0   3.17754e-09		    0	3.17754e-09
      233.907	   0.796037		0   3.17548e-09		    0	3.17548e-09
      233.977	   0.795925		0   3.20888e-09		    0	3.20888e-09
      234.001	   0.795729		0   3.17679e-09		    0	3.17679e-09
      234.057	   0.795595		0   3.15928e-09		    0	3.15928e-09
      234.129	   0.795381		0   3.16482e-09		    0	3.16482e-09
      234.249	   0.795133		0   3.20638e-09		    0	3.20638e-09
       234.38	   0.794891		0   3.10442e-09		    0	3.10442e-09
      234.561	   0.794687		0   3.16673e-09		    0	3.16673e-09
      234.765	   0.794313		0   3.20852e-09		    0	3.20852e-09
      234.941	      0.794		0   3.20709e-09		    0	3.20709e-09
      235.099	    0.79365		0   3.19857e-09		    0	3.19857e-09
       235.26	   0.793265		0   3.17082e-09		    0	3.17082e-09
      235.429	   0.792817		0    3.1438e-09		    0	 3.1438e-09
      235.579	   0.792334		0   3.17315e-09		    0	3.17315e-09
      235.751	   0.791848		0   3.19281e-09		    0	3.19281e-09
      235.957	   0.791356		0   3.23279e-09		    0	3.23279e-09
      236.188	   0.790921		0   3.33238e-09		    0	3.33238e-09
      236.422	    0.79032		0   3.26241e-09		    0	3.26241e-09
      236.662	   0.789785		0   3.32424e-09		    0	3.32424e-09
      236.936	   0.789053		0   3.41722e-09		    0	3.41722e-09
      237.191	   0.788494		0   3.33052e-09		    0	3.33052e-09
      237.446	   0.787911		0   3.31551e-09		    0	3.31551e-09
      237.752	   0.787289		0   3.33695e-09		    0	3.33695e-09
      238.068	   0.786693		0   3.37761e-09		    0	3.37761e-09
      238.359	   0.786189		0   3.35312e-09		    0	3.35312e-09
      238.685	   0.785553		0   3.35203e-09		    0	3.35203e-09
      239.009	   0.784952		0   3.35068e-09		    0	3.35068e-09
      239.372	   0.784293		0   3.45825e-09		    0	3.45825e-09
      239.753	   0.783672		0   3.52906e-09		    0	3.52906e-09
      240.135	   0.783091		0    3.6344e-09		    0	 3.6344e-09
      240.472	   0.782519		0   3.61148e-09		    0	3.61148e-09
      240.839	   0.781974		0   3.60133e-09		    0	3.60133e-09
      241.205	   0.781439		0   3.59802e-09		    0	3.59802e-09
      241.599	   0.781036		0   3.66728e-09		    0	3.66728e-09
       242.06	   0.780589		0   3.73589e-09		    0	3.73589e-09
      242.493	   0.780232		0   3.80302e-09		    0	3.80302e-09
      242.887	   0.779793		0   3.85682e-09		    0	3.85682e-09
      243.226	   0.779334		0   3.78782e-09		    0	3.78782e-09
      243.559	   0.778837		0   3.76992e-09		    0	3.76992e-09
      243.926	   0.778371		0   3.73732e-09		    0	3.73732e-09
       244.33	    0.77796		0   3.72713e-09		    0	3.72713e-09
      244.771	   0.777589		0   3.80838e-09		    0	3.80838e-09
      245.247	   0.777225		0    3.9217e-09		    0	 3.9217e-09
      245.742	   0.777006		0   3.99468e-09		    0	3.99468e-09
      246.211	   0.776807		0   4.07466e-09		    0	4.07466e-09
      246.642	   0.776627		0   4.06893e-09		    0	4.06893e-09
       247.07	   0.776572		0   4.06805e-09		    0	4.06805e-09
      247.502	   0.776551		0   4.16691e-09		    0	4.16691e-09
      247.956	     0.7767		0   4.26271e-09		    0	4.26271e-09
       248.43	   0.776798		0   4.27646e-09		    0	4.27646e-09
      248.924	   0.777014		0   4.44134e-09		    0	4.44134e-09
      249.369	    0.77716		0    4.5285e-09		    0	 4.5285e-09
      249.783	   0.777371		0   4.53716e-09		    0	4.53716e-09
      250.185	    0.77765		0   4.64575e-09		    0	4.64575e-09
      250.563	   0.777892		0   4.76059e-09		    0	4.76059e-09
      250.911	   0.778111		0    4.7438e-09		    0	 4.7438e-09
       251.27	   0.778444		0   4.81421e-09		    0	4.81421e-09
      251.616	   0.778866		0   4.86017e-09		    0	4.86017e-09
      251.995	   0.779404		0   4.89462e-09	  2.60085e-12	4.89722e-09
      252.363	   0.779903		0   4.97331e-09	  7.38446e-12	 4.9807e-09
      252.753	   0.780484		0   5.06456e-09	  2.01701e-11	5.08473e-09
      253.103	   0.781011		0   5.06162e-09	  5.21227e-11	5.11375e-09
      253.488	   0.781611		0   5.09233e-09	  8.02888e-11	5.17261e-09
      253.825	   0.782077		0   5.07298e-09	  8.57183e-11	 5.1587e-09
       254.09	   0.782531		0   4.97746e-09	  9.51141e-11	5.07257e-09
       254.37	   0.783152		0   4.88725e-09	  1.04006e-10	4.99126e-09
       254.67	   0.783877		0    4.8997e-09	   1.2128e-10	5.02098e-09
      255.007	   0.784643		0   4.99612e-09	  1.30284e-10	5.12641e-09
      255.362	   0.785447		0   5.00438e-09	  1.67775e-10	5.17215e-09
       255.72	   0.786336		0   5.07441e-09	  2.19751e-10	5.29416e-09
      256.061	   0.787203		0   5.16872e-09	  2.59717e-10	5.42844e-09
      256.345	   0.788048		0   5.16605e-09	  3.15995e-10	5.48204e-09
      256.612	   0.788949		0   5.14866e-09	  3.89789e-10	5.53844e-09
      256.887	   0.789794		0   5.19795e-09	  4.46365e-10	5.64432e-09
      257.135	   0.790671		0    5.2573e-09	  5.13728e-10	5.77103e-09
      257.392	   0.791633		0   5.29348e-09	  5.86839e-10	5.88032e-09
      257.652	   0.792336		0   5.25657e-09	  6.71194e-10	5.92776e-09
      257.897	   0.793087		0   5.27397e-09	  7.52638e-10	 6.0266e-09
      258.149	   0.793785		0   5.25294e-09	  8.51904e-10	6.10485e-09
      258.386	   0.794684		0   5.38838e-09	  9.24153e-10	6.31253e-09
      258.582	   0.795421		0    5.3701e-09	  1.01722e-09	6.38732e-09
      258.803	   0.796135		0    5.2762e-09	  1.12051e-09	6.39671e-09
      259.029	   0.796954		0   5.28665e-09	  1.18901e-09	6.47567e-09
      259.219	   0.797704		0   5.17658e-09	  1.25027e-09	6.42685e-09
      259.434	   0.798557		0   5.19906e-09	  1.31918e-09	6.51825e-09
      259.664	   0.799414		0    5.3091e-09	  1.38924e-09	6.69834e-09
      259.883	   0.800137		0   5.33469e-09	  1.46208e-09	6.79677e-09
      260.098	   0.800771		0   5.29608e-09	  1.56347e-09	6.85955e-09
      260.315	   0.801532		0   5.39021e-09	  1.67149e-09	7.06169e-09
      260.528	   0.802365		0   5.43168e-09	  1.79166e-09	7.22334e-09
      260.706	   0.803063		0   5.44678e-09	  1.91438e-09	7.36117e-09
      260.906	   0.803676		0   5.51981e-09	  2.02336e-09	7.54317e-09
      261.061	   0.804003		0     5.527e-09	  2.15525e-09	7.68226e-09
      261.244	   0.804521		0   5.63075e-09	  2.29237e-09	7.92311e-09
      261.461	   0.805286		0   5.80084e-09	  2.41834e-09	8.21917e-09
      261.635	   0.805812		0   5.92072e-09	  2.54806e-09	8.46878e-09
       261.82	   0.806353		0   6.08628e-09	  2.64912e-09	 8.7354e-09
      261.997	   0.807018		0   6.20058e-09	  2.77675e-09	8.97733e-09
      262.158	   0.807564		0   6.40761e-09	   2.8848e-09	9.29241e-09
      262.275	   0.807812		0   6.40213e-09	  2.93472e-09	9.33685e-09
      262.393	   0.808064		0   6.41113e-09	  2.97695e-09	9.38808e-09
      262.537	   0.808309		0    6.4408e-09	  3.05874e-09	9.49955e-09
       262.67	   0.808404		0   6.50666e-09	  3.09842e-09	9.60508e-09
      262.799	   0.808511		0   6.59431e-09	  3.17409e-09	9.76839e-09
      262.949	   0.808768		0     6.723e-09	  3.22489e-09	 9.9479e-09
      263.103	   0.809117		0   6.98073e-09	  3.31096e-09	1.02917e-08
      263.225	     0.8097		0   7.23185e-09	  3.37232e-09	1.06042e-08
      263.338	   0.810254		0   7.53846e-09	  3.39477e-09	1.09332e-08
      263.414	   0.810519		0   7.74025e-09	  3.40488e-09	1.11451e-08
      263.478	   0.810649		0   7.76125e-09	  3.51574e-09	 1.1277e-08
      263.566	   0.810931		0   7.91307e-09	  3.58997e-09	 1.1503e-08
      263.676	   0.811389		0   8.20178e-09	  3.68269e-09	1.18845e-08
      263.772	   0.811685		0   8.43127e-09	  3.80315e-09	1.22344e-08
      263.877	   0.811829		0    8.6113e-09	  3.99884e-09	1.26101e-08
      263.958	   0.811953		0   8.62851e-09	  4.17715e-09	1.28057e-08
      264.038	   0.812078		0   8.68383e-09	  4.26937e-09	1.29532e-08
      264.121	   0.812244		0   8.83487e-09	  4.34123e-09	1.31761e-08
      264.207	   0.812524		0   9.04332e-09	   4.4118e-09	1.34551e-08
      264.261	   0.812448		0    9.0847e-09	  4.47512e-09	1.35598e-08
      264.282	   0.812286		0   9.09249e-09	  4.50854e-09	 1.3601e-08
      264.326	   0.812183		0     9.208e-09	  4.50073e-09	1.37087e-08
      264.365	   0.812247		0   9.42852e-09	  4.47861e-09	1.39071e-08
      264.396	   0.812477		0   9.49521e-09	  4.45343e-09	1.39486e-08
      264.378	   0.812462		0   9.39414e-09	  4.40633e-09	1.38005e-08
      264.331	   0.812288		0   9.35487e-09	  4.36297e-09	1.37178e-08
      264.308	   0.812155		0   9.51645e-09	   4.2693e-09	1.37857e-08
       264.28	   0.812048		0   9.59996e-09	  4.21114e-09	1.38111e-08
      264.259	   0.811795		0    9.7378e-09	  4.17075e-09	1.39086e-08
      264.221	    0.81162		0   9.68666e-09	  4.07037e-09	 1.3757e-08
      264.203	     0.8117		0   9.86498e-09	  3.99617e-09	1.38612e-08
      264.166	   0.811781		0   1.01275e-08	  3.94577e-09	1.40733e-08
      264.091	   0.811898		0   1.01959e-08	  3.86374e-09	1.40596e-08
      264.016	   0.812213		0   1.02636e-08	  3.76888e-09	1.40325e-08
      263.953	   0.812611		0   1.03414e-08	  3.67137e-09	1.40127e-08
       263.85	   0.812902		0   1.02934e-08	  3.56085e-09	1.38542e-08
       263.72	    0.81308		0   1.02502e-08	  3.41179e-09	 1.3662e-08
      263.577	   0.813122		0   1.01818e-08	  3.27159e-09	1.34534e-08
      263.428	   0.813101		0   1.00831e-08	  3.18818e-09	1.32713e-08
      263.283	   0.813437		0   9.91147e-09	  3.08073e-09	1.29922e-08
       263.15	   0.813765		0   9.86098e-09	  2.89762e-09	1.27586e-08
      263.018	   0.813958		0   9.83706e-09	  2.73149e-09	1.25686e-08
      262.872	   0.814228		0   9.84337e-09	   2.5355e-09	1.23789e-08
      262.726	   0.814543		0   9.71968e-09	  2.35339e-09	1.20731e-08
       262.59	   0.814942		0   9.79157e-09	  2.09774e-09	1.18893e-08
      262.399	   0.815292		0   9.80556e-09	  1.85134e-09	1.16569e-08
      262.175	   0.815718		0   9.86511e-09	  1.69102e-09	1.15561e-08
      261.948	   0.816193		0   9.93159e-09	   1.5617e-09	1.14933e-08
      261.727	   0.816554		0   1.01794e-08	  1.42596e-09	1.16054e-08
      261.481	   0.817088		0   1.03269e-08	  1.25804e-09	 1.1585e-08
      261.234	   0.817632		0   1.03859e-08	  1.10589e-09	1.14918e-08
      260.943	   0.818187		0   1.04619e-08	  9.78189e-10	1.14401e-08
      260.647	    0.81869		0   1.03811e-08	  8.59447e-10	1.12406e-08
      260.344	   0.819304		0   1.04636e-08	  7.24558e-10	1.11881e-08
      260.077	   0.819954		0   1.06976e-08	  6.29115e-10	1.13267e-08
      259.803	   0.820507		0   1.07106e-08	  5.37117e-10	1.12477e-08
      259.511	   0.821056		0   1.05385e-08	  4.94799e-10	1.10333e-08
       259.25	   0.821578		0    1.0637e-08	  4.34624e-10	1.10717e-08
      258.946	   0.822052		0   1.05402e-08	  3.38376e-10	1.08786e-08
      258.613	   0.822524		0   1.04437e-08	  2.93213e-10	1.07369e-08
      258.323	   0.823022		0   1.04911e-08	   2.6552e-10	1.07566e-08
      258.053	   0.823464		0   1.04202e-08	  2.33727e-10	1.06539e-08
      257.746	   0.823922		0   1.05491e-08	  1.77684e-10	1.07268e-08
       257.42	   0.824275		0   1.05366e-08	  1.59074e-10	1.06956e-08
      257.042	   0.824452		0    1.0409e-08	  1.24339e-10	1.05334e-08
      256.654	    0.82456		0   1.02742e-08	  1.16694e-10	1.03909e-08
      256.298	   0.824615		0   1.02081e-08	  1.06578e-10	1.03146e-08
      255.958	   0.824752		0   1.01892e-08	  1.01056e-10	1.02902e-08
       255.64	   0.824886		0   1.01249e-08	  8.05779e-11	1.02055e-08
      255.371	   0.824836		0   1.02611e-08	  7.86514e-11	1.03398e-08
      255.081	   0.824759		0   1.03783e-08	  7.86499e-11	 1.0457e-08
       254.75	   0.824739		0   1.02857e-08	  7.74724e-11	1.03631e-08
      254.453	   0.824606		0    1.0192e-08	  7.74724e-11	1.02695e-08
      254.064	   0.824445		0   1.01468e-08	  7.06155e-11	1.02174e-08
      253.669	   0.824355		0   1.00342e-08	   6.9305e-11	1.01035e-08
       253.31	   0.824288		0   1.00438e-08	  6.84916e-11	1.01123e-08
      252.971	   0.824172		0   9.84354e-09	  6.65228e-11	9.91006e-09
      252.644	   0.823992		0   9.67347e-09	  5.11524e-11	9.72462e-09
      252.297	   0.823809		0    9.2538e-09	  1.49301e-11	9.26873e-09
      251.958	   0.823562		0   9.16639e-09	  8.91977e-12	9.17531e-09
      251.624	   0.823311		0   9.06336e-09	  2.68588e-12	9.06605e-09
      251.338	   0.823169		0   8.89899e-09	  2.68588e-12	8.90168e-09
      251.046	   0.823008		0   8.87146e-09	  2.63004e-12	8.87409e-09
      250.761	   0.822815		0   8.75407e-09	  2.63004e-12	 8.7567e-09
      250.454	   0.822711		0   8.59815e-09	  2.63004e-12	8.60078e-09
      250.167	   0.822678		0   8.56915e-09	  2.63004e-12	8.57178e-09
      249.933	   0.822473		0    8.6941e-09		    0	 8.6941e-09
      249.669	   0.822153		0   8.51099e-09		    0	8.51099e-09
      249.414	   0.821941		0   8.40458e-09		    0	8.40458e-09
      249.126	   0.821792		0   8.34531e-09		    0	8.34531e-09
      248.778	   0.821521		0   8.12676e-09		    0	8.12676e-09
      248.473	   0.821258		0   8.01468e-09		    0	8.01468e-09
	248.2	   0.820962		0   7.83526e-09		    0	7.83526e-09
      247.902	   0.820629		0   7.70742e-09		    0	7.70742e-09
      247.652	   0.820291		0    7.7071e-09		    0	 7.7071e-09
      247.435	   0.819969		0   7.75395e-09		    0	7.75395e-09
      247.246	   0.819634		0   7.76463e-09		    0	7.76463e-09
      247.059	   0.819164		0   7.71203e-09		    0	7.71203e-09
      246.835	   0.818747		0   7.61871e-09		    0	7.61871e-09
      246.595	   0.818338		0   7.49157e-09		    0	7.49157e-09
      246.343	   0.818029		0   7.38111e-09		    0	7.38111e-09
      246.108	   0.817635		0   7.48056e-09		    0	7.48056e-09
      245.821	   0.817134		0   7.41141e-09		    0	7.41141e-09
      245.611	   0.816587		0   7.44059e-09		    0	7.44059e-09
      245.385	   0.816181		0   7.42696e-09		    0	7.42696e-09
       245.14	   0.815779		0   7.34279e-09		    0	7.34279e-09
      244.921	   0.815237		0   7.43526e-09		    0	7.43526e-09
      244.679	   0.814712		0   7.35722e-09		    0	7.35722e-09
      244.443	   0.814184		0   7.36061e-09		    0	7.36061e-09
      244.266	   0.813796		0   7.19814e-09		    0	7.19814e-09
      244.119	   0.813348		0   7.11187e-09		    0	7.11187e-09
       243.93	   0.812769		0   7.06521e-09		    0	7.06521e-09
       243.75	   0.812122		0   7.00212e-09		    0	7.00212e-09
      243.559	   0.811595		0   6.98003e-09		    0	6.98003e-09
      243.387	   0.810885		0   7.05164e-09		    0	7.05164e-09
      243.195	    0.81018		0   7.14133e-09		    0	7.14133e-09
      242.912	   0.809655		0   6.94902e-09		    0	6.94902e-09
      242.607	   0.809275		0   6.84716e-09		    0	6.84716e-09
      242.337	   0.808842		0   6.77021e-09		    0	6.77021e-09
      242.129	   0.808275		0   6.84432e-09		    0	6.84432e-09
       241.97	   0.807846		0   6.88166e-09		    0	6.88166e-09
      241.728	    0.80744		0   6.77675e-09		    0	6.77675e-09
      241.512	   0.807043		0    6.7661e-09		    0	 6.7661e-09
      241.344	   0.806695		0   6.77962e-09		    0	6.77962e-09
       241.12	   0.806378		0   6.63138e-09		    0	6.63138e-09
      240.877	    0.80607		0   6.53389e-09		    0	6.53389e-09
      240.655	   0.805726		0   6.41539e-09		    0	6.41539e-09
      240.451	   0.805473		0   6.33384e-09		    0	6.33384e-09
      240.261	   0.805178		0   6.29537e-09		    0	6.29537e-09
      240.053	   0.804901		0    6.1904e-09		    0	 6.1904e-09
      239.844	   0.804465		0   6.08394e-09		    0	6.08394e-09
      239.629	   0.804141		0   5.90021e-09		    0	5.90021e-09
      239.394	   0.804052		0   5.77703e-09		    0	5.77703e-09
      239.173	   0.803918		0    5.6649e-09		    0	 5.6649e-09
       239.01	   0.803585		0   5.60467e-09		    0	5.60467e-09
      238.931	   0.803178		0   5.59421e-09		    0	5.59421e-09
      238.774	   0.803019		0   5.49108e-09		    0	5.49108e-09
      238.585	   0.802939		0   5.43719e-09		    0	5.43719e-09
      238.425	   0.802826		0    5.3524e-09		    0	 5.3524e-09
      238.327	   0.802556		0   5.36282e-09		    0	5.36282e-09
      238.207	    0.80243		0   5.40547e-09		    0	5.40547e-09
      238.131	   0.802375		0   5.47146e-09		    0	5.47146e-09
      238.024	   0.802329		0   5.37234e-09		    0	5.37234e-09
      237.895	   0.802236		0   5.42925e-09		    0	5.42925e-09
      237.811	   0.802159		0   5.49949e-09		    0	5.49949e-09
      237.729	   0.802021		0   5.41109e-09		    0	5.41109e-09
      237.663	   0.801971		0   5.37403e-09		    0	5.37403e-09
      237.645	    0.80182		0   5.32743e-09		    0	5.32743e-09
      237.631	   0.801617		0   5.38984e-09		    0	5.38984e-09
       237.66	   0.801541		0   5.33779e-09		    0	5.33779e-09
      237.618	   0.801511		0   5.29243e-09		    0	5.29243e-09
      237.593	   0.801558		0   5.30074e-09		    0	5.30074e-09
      237.559	    0.80143		0   5.22377e-09		    0	5.22377e-09
      237.494	    0.80128		0   5.16665e-09		    0	5.16665e-09
      237.487	   0.801146		0   5.17949e-09		    0	5.17949e-09
      237.478	   0.800934		0   5.14846e-09		    0	5.14846e-09
      237.382	   0.800744		0    5.0813e-09		    0	 5.0813e-09
       237.27	   0.800556		0   5.08488e-09		    0	5.08488e-09
      237.113	   0.800527		0   5.03713e-09		    0	5.03713e-09
       236.94	   0.800542		0    4.9834e-09		    0	 4.9834e-09
      236.811	   0.800569		0   4.91671e-09		    0	4.91671e-09
      236.759	   0.800517		0   4.83623e-09		    0	4.83623e-09
      236.739	   0.800331		0   4.78684e-09		    0	4.78684e-09
      236.779	   0.800151		0   4.77129e-09		    0	4.77129e-09
      236.731	    0.80012		0   4.68969e-09		    0	4.68969e-09
      236.632	   0.800141		0   4.58818e-09		    0	4.58818e-09
      236.618	   0.799969		0   4.59949e-09		    0	4.59949e-09
      236.626	   0.799808		0   4.62431e-09		    0	4.62431e-09
      236.573	   0.799634		0   4.58519e-09		    0	4.58519e-09
      236.408	   0.799559		0   4.46934e-09		    0	4.46934e-09
      236.283	   0.799399		0   4.41334e-09		    0	4.41334e-09
      236.197	   0.799119		0    4.3442e-09		    0	 4.3442e-09
      236.141	   0.798991		0   4.38545e-09		    0	4.38545e-09
      236.103	   0.798812		0   4.34333e-09		    0	4.34333e-09
      236.011	   0.798783		0   4.16661e-09		    0	4.16661e-09
      235.959	   0.798781		0   4.15019e-09		    0	4.15019e-09
      235.912	    0.79882		0   4.11769e-09		    0	4.11769e-09
      235.874	   0.798756		0   4.11791e-09		    0	4.11791e-09
      235.812	   0.798757		0   4.02345e-09		    0	4.02345e-09
      235.711	   0.798671		0   4.07786e-09		    0	4.07786e-09
      235.612	   0.798614		0   4.09755e-09		    0	4.09755e-09
      235.531	    0.79847		0   4.15897e-09		    0	4.15897e-09
      235.505	   0.798328		0   4.22178e-09		    0	4.22178e-09
      235.471	   0.798323		0    4.2326e-09		    0	 4.2326e-09
      235.371	   0.798392		0   4.19348e-09		    0	4.19348e-09
      235.291	   0.798521		0    4.1858e-09		    0	 4.1858e-09
      235.239	   0.798587		0   4.18649e-09		    0	4.18649e-09
      235.181	   0.798746		0   4.13457e-09		    0	4.13457e-09
      235.186	   0.798781		0   4.10575e-09		    0	4.10575e-09
      235.207	   0.798656		0   4.14938e-09		    0	4.14938e-09
      235.218	   0.798549		0   4.14168e-09		    0	4.14168e-09
      235.196	   0.798543		0   4.18574e-09		    0	4.18574e-09
      235.189	   0.798412		0   4.26606e-09		    0	4.26606e-09
      235.101	   0.798466		0   4.24882e-09		    0	4.24882e-09
      235.052	   0.798501		0   4.24102e-09		    0	4.24102e-09
       235.02	   0.798556		0   4.32133e-09		    0	4.32133e-09
      234.962	    0.79864		0   4.33461e-09		    0	4.33461e-09
