   4.0448e-09	2.13061e-11	  76659.3	133.532	  5.08974e-06	    7.48827	  1.12323	237.802	  0.000271545
   4.0522e-09	2.07714e-11	  76636.7	133.474	  5.12763e-06	    7.51702	  1.12304	237.771	  0.000270313
  4.03004e-09	2.05568e-11	  76620.9	133.427	  5.14937e-06	    7.52585	  1.12285	237.762	  0.000269753
  3.97151e-09	2.00903e-11	  76610.8	133.084	  5.17157e-06	    7.52779	    1.123	  237.7	  0.000267975
  3.86219e-09	1.91462e-11	  76602.9	132.486	  5.20573e-06	    7.52805	  1.12342	237.586	  0.000264452
  3.82583e-09	1.88477e-11	  76594.1	132.163	  5.22667e-06	     7.5516	  1.12356	237.529	  0.000262795
  3.83363e-09	1.87713e-11	  76585.4	131.974	  5.26213e-06	    7.55413	  1.12348	237.519	  0.000261356
  3.79731e-09	1.87334e-11	  76581.3	131.818	  5.29628e-06	    7.56685	  1.12341	237.522	  0.000260475
  3.78284e-09	1.86414e-11	  76575.7	131.725	  5.32894e-06	    7.59515	  1.12326	237.536	  0.000260468
  3.84852e-09	1.86379e-11	  76574.6	131.805	  5.35477e-06	    7.60374	  1.12298	237.591	  0.000261876
  3.80506e-09	1.83189e-11	  76576.1	131.619	  5.41079e-06	    7.61353	    1.123	237.592	  0.000261969
  3.79045e-09	1.85505e-11	  76575.8	131.273	  5.45241e-06	    7.63278	   1.1231	237.569	  0.000261254
  3.70964e-09	1.87079e-11	  76574.3	130.935	   5.4962e-06	    7.64091	  1.12313	237.559	  0.000261172
  3.62899e-09	1.89872e-11	  76573.3	130.616	  5.54355e-06	    7.64368	   1.1232	 237.54	  0.000260364
  3.62592e-09	1.90839e-11	  76580.9	130.869	  5.65912e-06	    7.62504	  1.12307	237.593	  0.000262127
   3.6045e-09	1.92336e-11	  76575.7	130.488	  5.70893e-06	    7.61294	   1.1233	237.528	   0.00026038
  3.54727e-09	1.93007e-11	  76566.7	130.106	  5.76359e-06	    7.59311	  1.12352	237.453	  0.000259219
  3.48994e-09	1.95716e-11	  76554.1	130.046	  5.80361e-06	    7.56497	  1.12347	237.424	  0.000258187
  3.47543e-09	1.96728e-11	  76550.8	130.034	  5.83186e-06	    7.55819	  1.12361	237.385	  0.000256668
  3.48961e-09	1.88929e-11	  76553.5	130.201	   5.8605e-06	    7.56253	  1.12364	237.386	  0.000256227
  3.48238e-09	1.88111e-11	  76559.5	130.287	  5.88061e-06	    7.57675	  1.12375	237.382	  0.000255904
  3.42492e-09	1.89483e-11	  76572.7	130.183	  5.90691e-06	    7.57955	  1.12397	237.376	  0.000255202
  3.37479e-09	1.83533e-11	  76579.1	129.973	  5.94401e-06	    7.59616	    1.124	237.389	  0.000254617
  3.36768e-09	1.77667e-11	  76580.8	129.926	  5.96787e-06	    7.60398	  1.12402	 237.39	  0.000253962
  3.35319e-09	 1.7915e-11	  76582.7	129.932	  5.98225e-06	    7.60465	  1.12402	237.397	  0.000252783
  3.30299e-09	1.75296e-11	  76580.4	 129.71	  6.00575e-06	    7.59985	  1.12398	237.398	   0.00025162
   3.3315e-09	1.78768e-11	  76576.3	129.759	  6.01502e-06	    7.59373	  1.12396	 237.39	  0.000251551
  3.35348e-09	1.80814e-11	    76575	129.806	   6.0249e-06	    7.58726	  1.12391	237.395	  0.000251587
  3.31673e-09	 1.8107e-11	  76573.2	129.725	  6.03814e-06	    7.57819	  1.12399	237.373	  0.000250825
  3.25228e-09	1.86253e-11	  76572.9	129.602	  6.05051e-06	    7.57125	  1.12405	237.361	  0.000250866
  3.23813e-09	1.93628e-11	  76574.1	129.513	  6.05646e-06	    7.57943	  1.12397	237.381	  0.000251473
  3.23798e-09	1.94125e-11	  76574.5	129.335	  6.07004e-06	    7.57817	  1.12397	237.382	  0.000251721
  3.19505e-09	1.92074e-11	  76573.2	129.176	  6.09238e-06	    7.58285	  1.12408	237.354	  0.000250931
  3.18805e-09	1.93116e-11	    76574	129.094	  6.10588e-06	    7.59057	  1.12406	237.362	  0.000250483
  3.26036e-09	1.91348e-11	  76575.9	 129.32	  0.000608925	    7.60174	  1.12388	237.406	  0.000251871
  3.28984e-09	1.92393e-11	  76578.1	129.364	   0.00378749	    7.60735	  1.12384	 237.42	  0.000252961
  3.22458e-09	1.90907e-11	  76582.8	129.408	    0.0121098	    7.60042	  1.12394	237.415	  0.000253721
  3.15265e-09	1.87173e-11	  76587.4	129.393	     0.029263	    7.59134	  1.12417	 237.38	  0.000253304
  3.12378e-09	 1.8794e-11	  76594.8	129.092	    0.0583268	    7.56398	  1.12471	237.289	  0.000251574
  3.04479e-09	1.89262e-11	  76599.7	128.753	     0.101453	    7.55689	  1.12535	237.169	  0.000249352
  2.99445e-09	1.88635e-11	  76606.4	128.402	     0.162841	    7.54757	  1.12598	237.056	  0.000247322
  3.05917e-09	 1.8872e-11	  76611.4	128.564	       0.2421	    7.54725	   1.1262	237.026	   0.00024713
  3.01625e-09	1.87884e-11	  76616.7	128.562	     0.346365	    7.53445	  1.12643	236.993	  0.000246055
   3.0378e-09	1.83061e-11	  76621.5	128.538	     0.485811	    7.51509	  1.12662	 236.97	  0.000246033
  2.95174e-09	1.84756e-11	  76625.9	 128.42	     0.653727	     7.4945	  1.12685	236.934	  0.000245485
  3.01617e-09	1.87285e-11	  76632.3	128.721	     0.847631	    7.49094	  1.12679	236.967	  0.000246275
  3.06627e-09	1.86103e-11	  76639.9	128.901	      1.07222	    7.48995	  1.12685	236.977	  0.000246758
  3.11637e-09	1.83678e-11	  76650.2	128.896	      1.35721	    7.47854	  1.12711	236.954	  0.000247337
  3.14503e-09	1.82149e-11	  76652.6	128.814	      1.68915	    7.45432	   1.1273	236.922	  0.000247563
  3.10212e-09	1.85716e-11	  76650.5	128.726	      2.05442	    7.42057	  1.12755	236.862	  0.000247075
  3.13067e-09	1.87101e-11	  76646.8	128.904	      2.46698	    7.37986	  1.12762	236.836	  0.000246974
  3.18073e-09	1.87378e-11	  76639.3	129.094	      2.93781	    7.36399	   1.1277	236.796	  0.000246535
  3.19493e-09	1.88857e-11	  76637.9	129.079	      3.49596	    7.34849	  1.12786	236.758	   0.00024537
  3.18772e-09	1.89057e-11	  76640.3	129.072	      4.07153	     7.3388	  1.12794	236.749	  0.000244859
  3.15187e-09	1.92579e-11	    76648	128.858	      4.73985	     7.3263	  1.12811	236.738	  0.000244585
  3.10177e-09	1.99402e-11	  76659.8	128.864	      5.45633	    7.32047	  1.12842	236.709	  0.000244016
   3.1089e-09	1.98507e-11	  76675.4	128.962	      6.25894	    7.30501	  1.12859	236.721	  0.000243827
  3.05834e-09	1.96524e-11	  76690.9	128.971	       7.1466	    7.28462	  1.12894	236.696	  0.000243071
  2.96517e-09	1.98609e-11	  76706.2	 128.72	      8.17723	    7.27158	  1.12933	236.662	  0.000242222
  3.03007e-09	1.95827e-11	  76720.8	128.787	      9.44961	     7.2641	  1.12973	236.623	  0.000242089
  3.08104e-09	1.91822e-11	  76733.9	128.947	      10.5857	    7.25742	   1.1299	236.627	  0.000242233
  3.08096e-09	1.93299e-11	  76751.1	128.856	      11.8707	    7.23022	  1.13019	236.619	  0.000241628
  3.06632e-09	1.96715e-11	  76766.7	128.954	      13.1839	    7.22092	  1.13038	236.629	  0.000241943
  3.10218e-09	1.98665e-11	  76779.9	129.294	      14.5143	    7.20189	  1.13032	236.681	  0.000243278
  3.13731e-09	1.97792e-11	  76793.5	129.315	      16.0314	    7.17198	  1.13038	 236.71	  0.000244358
  3.07911e-09	1.99262e-11	  76807.9	129.263	      17.5949	    7.13217	  1.13056	236.717	  0.000244289
  3.04325e-09	1.98972e-11	  76820.8	129.069	      19.3627	    7.09752	  1.13087	236.692	  0.000242553
   3.0074e-09	1.98333e-11	  76830.5	128.904	       21.184	    7.05971	   1.1311	236.673	  0.000241041
  2.94995e-09	1.97888e-11	  76838.4	128.836	      23.1143	    7.01498	  1.13116	236.686	  0.000239789
  2.94999e-09	1.98327e-11	  76840.9	128.944	      25.1162	    6.97266	  1.13096	236.734	  0.000239799
  2.98573e-09	1.96049e-11	  76843.9	129.176	      27.1706	    6.94632	  1.13074	236.791	  0.000240112
    2.957e-09	1.90177e-11	  76852.9	129.107	       29.308	    6.89578	   1.1308	236.807	  0.000239803
  2.94276e-09	1.86135e-11	    76864	129.304	      31.5721	    6.87222	  1.13078	236.843	  0.000239773
  2.94978e-09	 1.8739e-11	  76880.5	 129.37	      33.9834	    6.85191	  1.13077	236.897	  0.000240439
  2.99267e-09	1.86153e-11	  76899.6	129.699	      36.3087	     6.8471	  1.13056	236.999	  0.000242525
  2.89224e-09	1.86189e-11	  76917.2	129.794	      38.8849	     6.8527	  1.13024	 237.12	  0.000244244
  2.95679e-09	1.85194e-11	  76932.7	130.059	       41.484	    6.85226	  1.12967	237.289	  0.000246704
  3.00016e-09	 1.8172e-11	  76946.5	130.525	      44.1762	    6.85672	  1.12904	237.464	  0.000249486
  3.00013e-09	1.81608e-11	    76968	130.758	      47.0424	    6.83652	  1.12862	237.619	  0.000251816
  2.99296e-09	1.85587e-11	  76993.8	130.874	      50.0261	    6.81973	  1.12833	 237.76	  0.000253731
  2.96437e-09	 1.8974e-11	  77021.4	131.043	      53.0458	    6.80688	  1.12803	237.908	  0.000256589
  2.93593e-09	1.91397e-11	  77045.1	131.113	      56.3463	    6.78408	  1.12763	238.065	  0.000259819
  2.96447e-09	1.92037e-11	  77065.5	131.303	      59.6944	      6.751	  1.12731	238.197	   0.00026345
  2.98599e-09	1.92079e-11	  77084.6	131.601	      62.9601	    6.73178	  1.12688	238.347	  0.000267161
  3.02889e-09	1.84991e-11	  77101.9	132.014	      66.3425	    6.70765	  1.12629	238.525	  0.000271024
  3.12927e-09	1.80964e-11	  77114.6	132.359	      69.7751	    6.70278	  1.12549	238.733	   0.00027607
  3.05779e-09	1.76824e-11	  77124.5	132.692	      73.2716	    6.69824	  1.12467	238.938	  0.000281549
  3.12199e-09	1.72413e-11	  77135.5	133.074	       76.849	    6.67606	  1.12386	239.144	  0.000286514
  3.21505e-09	1.70211e-11	  77149.9	133.778	      80.3832	    6.64121	  1.12295	239.383	  0.000292494
  3.12866e-09	1.70609e-11	  77169.2	134.019	      84.2134	    6.60727	  1.12216	239.612	  0.000296727
  3.11343e-09	1.69543e-11	  77190.5	134.323	      88.0998	    6.57791	  1.12135	 239.85	  0.000301412
  3.13503e-09	1.67721e-11	  77212.5	134.978	      91.8738	    6.55986	  1.12038	240.126	  0.000308285
  3.17807e-09	 1.6857e-11	  77238.8	135.546	      95.8299	    6.53825	  1.11939	 240.42	  0.000315537
  3.15653e-09	  1.701e-11	  77264.6	135.986	       99.803	    6.53106	  1.11853	240.686	  0.000322472
  3.15662e-09	1.70922e-11	  77288.2	136.609	      103.883	    6.52795	  1.11748	240.986	  0.000330573
  3.15663e-09	1.68569e-11	  77311.2	137.171	       108.05	    6.50726	  1.11643	241.285	  0.000339088
  3.26416e-09	1.68104e-11	  77332.3	137.969	      112.088	    6.48111	  1.11521	241.615	  0.000349409
  3.33579e-09	1.66944e-11	    77354	138.796	      116.184	    6.44689	  1.11393	 241.96	  0.000360161
  3.44318e-09	1.64218e-11	  77378.7	139.621	      120.409	    6.41275	   1.1127	242.304	  0.000370929
  3.42179e-09	1.61562e-11	    77405	140.069	       124.94	    6.38462	  1.11166	242.614	  0.000380281
  3.41474e-09	1.59605e-11	  77431.7	140.645	      129.428	    6.36228	  1.11051	242.948	  0.000389399
  3.41471e-09	1.59326e-11	  77456.1	141.178	      134.024	    6.34445	  1.10933	243.283	  0.000399216
  3.48623e-09	1.60199e-11	  77479.6	141.956	      138.377	    6.34833	  1.10799	243.652	  0.000410966
  3.55793e-09	1.58805e-11	  77503.2	143.109	      142.595	    6.33819	  1.10641	244.075	  0.000425778
  3.62955e-09	1.56865e-11	  77526.5	144.076	      146.906	    6.30342	  1.10496	244.468	  0.000440386
  3.68691e-09	1.53671e-11	  77551.9	144.882	      151.486	     6.2359	  1.10375	244.817	  0.000453864
  3.62236e-09	1.53861e-11	  77576.6	 145.34	       156.44	    6.17138	  1.10271	245.124	  0.000465036
  3.60756e-09	1.56713e-11	  77598.9	145.823	      161.297	    6.12165	  1.10163	245.436	  0.000476613
   3.5789e-09	1.52621e-11	  77618.4	146.409	      166.154	    6.09708	   1.1004	245.773	  0.000488554
  3.57175e-09	 1.4608e-11	  77636.7	147.136	      171.065	    6.08003	  1.09899	246.144	  0.000502322
  3.65808e-09	1.43567e-11	    77656	148.126	      175.774	    6.05452	  1.09746	 246.55	  0.000517797
  3.77989e-09	1.41741e-11	  77679.9	149.323	      180.362	    6.04608	  1.09585	246.988	  0.000534193
  3.85886e-09	1.41271e-11	  77705.7	150.603	      184.774	    6.02189	   1.0942	247.443	  0.000552148
  3.94481e-09	1.37464e-11	  77733.3	151.755	      189.379	    5.96108	   1.0927	 247.87	  0.000571224
   3.9449e-09	1.38042e-11	  77761.3	152.693	      194.115	    5.91435	  1.09135	248.266	  0.000589303
  3.95213e-09	1.33798e-11	    77791	153.774	      198.689	    5.86419	  1.09006	248.655	  0.000607617
  4.05971e-09	1.33655e-11	  77822.6	154.775	      203.385	     5.8182	  1.08875	249.056	  0.000626957
   4.1607e-09	1.33407e-11	  77855.7	155.983	      207.873	     5.8014	  1.08736	 249.48	   0.00064772
  4.18228e-09	 1.3201e-11	  77889.5	  157.2	      212.431	    5.80193	  1.08592	249.919	  0.000670338
  4.35444e-09	1.29874e-11	  77916.3	  158.6	      216.834	    5.78568	  1.08433	250.372	  0.000694796
  4.44813e-09	1.33472e-11	  77941.6	159.589	      221.679	     5.7458	  1.08291	250.782	  0.000716547
   4.4627e-09	1.34726e-11	  77962.1	160.492	      226.483	    5.70103	  1.08154	251.166	  0.000736121
  4.57751e-09	1.33701e-11	  77976.9	161.488	       230.92	    5.64847	  1.08018	 251.53	  0.000756684
  4.69989e-09	1.31064e-11	  77991.5	162.338	      235.752	    5.57659	  1.07891	251.872	  0.000776428
  4.69263e-09	1.30698e-11	  78007.5	163.106	      240.375	    5.52603	  1.07776	252.193	  0.000793788
  4.77152e-09	1.31577e-11	  78021.2	164.017	      244.951	    5.49052	  1.07657	252.515	  0.000811895
  4.82231e-09	1.38717e-11	  78035.7	164.899	      249.419	    5.46338	   1.0754	252.838	  0.000831651
  4.86535e-09	1.45292e-11	  78052.7	165.945	      253.806	    5.45052	  1.07417	253.183	  0.000852543
  4.95209e-09	 1.4887e-11	  78068.5	166.826	      258.106	    5.43963	  1.07291	 253.53	  0.000875001
  5.05239e-09	1.53883e-11	  78084.5	167.897	      262.341	    5.42281	  1.07162	253.888	  0.000898391
  5.05955e-09	1.65718e-11	  78099.4	 168.71	      266.842	     5.3954	  1.07044	254.216	   0.00092004
  5.10285e-09	1.73554e-11	  78117.1	169.895	      270.934	    5.35734	  1.06919	254.571	  0.000943448
  5.09578e-09	1.77825e-11	  78134.6	170.771	      275.164	    5.27136	  1.06813	254.882	  0.000964653
  5.00982e-09	1.79378e-11	  78148.9	171.188	      279.798	    5.20616	  1.06728	 255.13	  0.000982121
  4.93115e-09	1.79129e-11	  78163.4	171.757	      284.271	    5.16576	  1.06636	255.397	   0.00100062
   4.9527e-09	 1.8254e-11	  78175.6	172.617	      288.209	    5.14415	  1.06534	255.683	    0.0010208
  5.05332e-09	1.95832e-11	    78189	173.701	      291.877	    5.12463	   1.0642	    256	   0.00104514
  5.06782e-09	  2.019e-11	  78205.9	174.814	      295.592	    5.11474	  1.06304	256.334	   0.00107082
   5.1468e-09	2.03366e-11	  78221.7	176.041	      298.985	    5.10061	  1.06184	256.678	   0.00109711
  5.25483e-09	2.06915e-11	    78234	177.224	      302.295	    5.07974	  1.06065	257.004	    0.0011218
  5.26194e-09	2.14134e-11	  78244.2	178.032	      305.942	    5.03577	  1.05965	 257.28	   0.00114519
  5.24744e-09	2.22139e-11	  78253.4	178.854	      309.425	    4.97847	  1.05873	257.536	   0.00116985
  5.30499e-09	2.26204e-11	  78264.4	179.735	      312.637	    4.94649	  1.05783	 257.79	   0.00119417
  5.37009e-09	2.32235e-11	  78275.3	180.451	      315.924	    4.93404	  1.05698	258.033	   0.00121725
  5.41311e-09	2.37616e-11	  78284.9	181.314	      319.102	     4.9205	   1.0561	258.279	   0.00124043
  5.38457e-09	2.48499e-11	  78294.4	 182.03	      322.444	    4.90073	  1.05519	258.535	   0.00126427
  5.40616e-09	2.66647e-11	  78302.6	182.803	      325.357	    4.87818	  1.05433	258.773	   0.00128816
   5.3842e-09	2.98337e-11	  78307.7	183.574	      328.328	    4.83754	  1.05342	259.012	   0.00131414
  5.52038e-09	3.19597e-11	  78309.4	184.442	      330.861	    4.78503	  1.05253	259.238	   0.00133893
  5.50593e-09	3.32453e-11	  78312.8	185.083	      333.489	    4.74638	  1.05181	259.426	   0.00135885
  5.41956e-09	3.33937e-11	    78313	185.985	      335.745	    4.70755	  1.05098	259.632	   0.00137933
  5.44083e-09	3.40741e-11	  78313.9	186.902	      337.929	    4.66294	  1.05013	259.846	   0.00140098
  5.34042e-09	3.41421e-11	  78315.3	187.554	      340.305	    4.64451	  1.04937	260.037	    0.0014197
  5.36941e-09	3.43281e-11	    78319	188.382	      342.189	    4.63085	  1.04857	260.249	   0.00144048
  5.48396e-09	3.51841e-11	  78322.9	189.359	      343.932	    4.59983	  1.04772	260.471	   0.00146445
  5.51267e-09	3.60597e-11	  78330.2	190.164	      345.746	    4.57263	  1.04695	260.689	   0.00148855
  5.48352e-09	3.58779e-11	  78336.2	190.916	      347.669	    4.54839	  1.04619	260.898	   0.00150973
  5.57733e-09	  3.827e-11	  78340.2	191.922	      348.779	    4.52251	  1.04541	261.105	   0.00153613
  5.61983e-09	3.96366e-11	  78346.3	192.998	      349.966	    4.48252	  1.04471	261.301	   0.00156056
  5.63406e-09	4.00084e-11	  78353.3	193.698	      351.517	    4.45279	   1.0441	261.476	   0.00158134
  5.70608e-09	3.98433e-11	  78360.6	194.521	       352.68	    4.42871	  1.04342	261.671	   0.00160367
  5.70626e-09	4.19155e-11	  78365.3	194.879	      354.198	    4.42333	  1.04284	261.833	   0.00162379
  5.80666e-09	4.44807e-11	    78369	195.515	      355.393	    4.43187	  1.04218	262.012	   0.00164583
  5.97217e-09	4.88831e-11	  78375.5	196.598	      355.928	    4.43136	  1.04145	262.217	   0.00167205
  6.08727e-09	5.22039e-11	  78381.4	197.405	      356.499	    4.42399	  1.04085	262.387	   0.00169556
  6.25264e-09	5.40378e-11	  78387.6	198.279	      356.695	    4.43453	  1.04023	262.566	    0.0017188
  6.36753e-09	5.65362e-11	  78395.8	199.258	      356.749	    4.42691	  1.03965	262.738	   0.00174175
  6.57023e-09	6.32318e-11	  78403.3	200.114	      356.796	    4.39918	  1.03914	262.893	   0.00176248
  6.56319e-09	6.46687e-11	  78410.9	200.409	      357.544	    4.38542	  1.03877	263.011	   0.00177712
  6.57011e-09	6.57236e-11	  78420.4	200.852	      357.811	    4.38631	  1.03845	263.124	   0.00179308
  6.59161e-09	 7.1061e-11	  78431.3	201.519	       357.76	    4.41054	  1.03807	263.256	    0.0018118
  6.65739e-09	7.36072e-11	    78441	202.043	      357.686	    4.42498	  1.03768	263.388	   0.00182801
   6.7373e-09	7.95308e-11	  78447.7	202.591	      357.493	    4.43571	  1.03727	263.515	   0.00184637
  6.85236e-09	9.11841e-11	  78451.9	203.487	       356.53	    4.45171	  1.03678	263.654	   0.00186749
  7.09698e-09	1.00904e-10	  78453.4	204.467	      355.424	    4.46113	  1.03624	263.796	   0.00189051
  7.32655e-09	1.15392e-10	  78453.7	205.439	      354.105	    4.46661	  1.03581	263.908	   0.00191091
  7.61427e-09	1.26888e-10	  78452.6	206.362	      352.621	    4.47199	  1.03539	264.011	   0.00192989
  7.80895e-09	1.27972e-10	  78450.7	206.881	      351.673	    4.47587	  1.03508	264.083	   0.00194327
   7.8166e-09	1.31031e-10	  78451.9	207.184	      350.964	    4.49881	  1.03483	264.152	   0.00195634
  7.95392e-09	1.34584e-10	  78454.4	 207.77	      349.629	    4.51999	  1.03448	264.248	   0.00197436
  8.22704e-09	1.40048e-10	  78460.9	208.662	      347.949	    4.55643	  1.03415	264.356	   0.00199584
  8.43619e-09	1.53289e-10	  78468.2	209.391	       346.26	    4.60322	  1.03386	264.453	   0.00201406
   8.5945e-09	 1.6562e-10	  78477.1	210.101	      344.592	    4.62984	  1.03358	264.556	   0.00203324
  8.60208e-09	1.71844e-10	  78486.8	210.601	      343.102	    4.64514	  1.03336	264.645	   0.00204879
  8.64577e-09	1.75746e-10	    78497	211.131	      341.325	    4.67792	  1.03317	264.728	   0.00206354
  8.78996e-09	 1.7894e-10	    78503	211.766	      339.109	     4.7169	  1.03292	264.812	   0.00207722
  8.97713e-09	1.86599e-10	  78508.9	212.587	      336.569	    4.75995	  1.03266	264.898	   0.00209545
  8.99879e-09	1.99939e-10	  78515.1	212.888	      335.021	    4.78333	  1.03248	264.965	   0.00210652
  8.99273e-09	2.04316e-10	  78521.1	213.013	      333.241	    4.82597	  1.03241	265.005	   0.00211516
  9.10056e-09	2.07835e-10	  78524.5	213.536	      330.628	    4.85319	  1.03226	265.055	    0.0021244
  9.30883e-09	2.12388e-10	  78524.5	214.131	      327.786	    4.88352	   1.0321	265.095	   0.00213453
  9.36564e-09	 2.1476e-10	  78523.5	214.741	      324.996	    4.89554	  1.03196	265.127	   0.00214258
  9.25092e-09	2.14829e-10	    78522	214.893	      322.504	    4.91343	  1.03196	265.122	   0.00214548
  9.19342e-09	 2.2113e-10	  78516.9	214.827	      320.099	    4.93597	    1.032	265.094	   0.00214459
  9.33714e-09	2.25132e-10	  78512.3	214.921	      317.293	    4.97111	    1.032	265.079	   0.00214638
  9.39582e-09	2.32425e-10	  78510.9	214.979	      314.727	    5.00482	  1.03204	265.065	   0.00214893
  9.51979e-09	2.37668e-10	  78508.2	215.046	      311.976	     5.0756	  1.03204	265.054	   0.00214877
  9.45465e-09	2.38973e-10	  78505.3	215.032	      309.193	    5.12885	  1.03211	265.028	   0.00214783
  9.61371e-09	2.42851e-10	  78501.1	215.452	       305.61	    5.14924	   1.0321	265.016	   0.00215209
  9.84602e-09	2.50818e-10	  78497.9	215.692	      302.357	    5.14888	  1.03217	264.986	   0.00215608
  9.89678e-09	2.51131e-10	  78495.3	215.775	      298.965	    5.15177	  1.03238	264.924	   0.00215357
  9.94675e-09	 2.5395e-10	  78490.4	215.988	       295.33	    5.18795	  1.03258	264.857	   0.00214859
  1.00109e-08	2.56733e-10	  78486.8	216.369	      291.466	    5.22193	  1.03275	264.802	    0.0021447
  9.95307e-09	2.53729e-10	  78483.3	216.341	      288.245	     5.2259	  1.03302	264.719	   0.00213707
  9.90247e-09	2.47191e-10	    78480	216.151	      284.789	    5.22893	  1.03341	 264.61	   0.00212454
  9.83079e-09	2.36647e-10	  78478.9	215.784	      281.458	     5.2406	  1.03386	264.491	   0.00211046
  9.72374e-09	 2.2962e-10	    78479	215.342	      278.321	    5.26183	  1.03433	264.369	    0.0020957
  9.53635e-09	2.31536e-10	  78482.1	215.075	      274.571	    5.30222	  1.03482	264.255	   0.00208106
  9.47904e-09	2.30477e-10	  78482.2	214.909	      270.615	    5.34806	  1.03526	264.144	   0.00206541
  9.43527e-09	 2.3994e-10	  78480.3	214.747	      266.786	    5.39706	  1.03568	264.031	   0.00204992
  9.42069e-09	2.46656e-10	  78476.1	214.475	      262.871	    5.42954	   1.0361	263.908	   0.00203417
  9.28325e-09	2.37503e-10	  78469.6	214.207	      258.993	    5.44857	   1.0365	263.786	   0.00202096
  9.34034e-09	2.32922e-10	  78461.9	214.193	      254.798	    5.46988	  1.03687	263.666	   0.00200884
  9.33218e-09	2.29918e-10	  78453.4	  213.9	      250.446	    5.50894	  1.03742	263.496	   0.00199132
  9.36786e-09	2.31921e-10	  78443.6	 213.44	      246.298	    5.53934	  1.03807	  263.3	    0.0019716
  9.41103e-09	2.35088e-10	  78435.9	213.038	      242.112	    5.55073	  1.03876	263.099	   0.00195143
  9.64378e-09	2.37557e-10	  78426.2	212.669	      237.834	    5.56182	  1.03942	262.899	   0.00192828
  9.78102e-09	2.28605e-10	    78416	212.162	      233.481	     5.5846	  1.04015	 262.68	   0.00190449
  9.82337e-09	2.29276e-10	  78402.9	211.716	      229.026	    5.59947	  1.04086	262.456	   0.00188043
    9.881e-09	2.28478e-10	  78388.9	211.008	      224.611	    5.63654	   1.0417	262.198	   0.00185421
  9.78807e-09	2.25928e-10	  78379.6	210.303	      220.382	    5.65166	  1.04263	261.933	   0.00182511
  9.86014e-09	2.22984e-10	  78373.2	209.674	      215.769	    5.66834	  1.04363	 261.66	   0.00179598
  1.00835e-08	2.22525e-10	  78367.5	209.209	       211.04	    5.71459	   1.0445	261.425	   0.00177143
   1.0091e-08	2.14406e-10	  78362.7	208.559	      206.434	    5.75516	  1.04538	261.188	   0.00174623
  9.90484e-09	2.12947e-10	  78356.1	207.818	      202.057	     5.7852	  1.04629	 260.94	   0.00171995
  9.99756e-09	2.08426e-10	  78346.5	207.398	      197.384	     5.7947	   1.0471	260.706	   0.00169445
  9.88811e-09	2.02555e-10	  78335.1	206.647	      192.994	    5.76725	  1.04804	260.434	   0.00166704
  9.78648e-09	1.97868e-10	  78323.2	205.863	      188.384	    5.76087	  1.04908	260.135	    0.0016367
  9.82902e-09	 1.9638e-10	  78310.3	205.409	      183.573	    5.79165	  1.04998	 259.87	   0.00160851
  9.75419e-09	1.92011e-10	  78295.8	204.998	      178.701	    5.82303	  1.05078	259.624	   0.00158178
  9.87588e-09	1.90869e-10	  78280.1	204.331	      174.039	    5.84167	  1.05166	259.354	    0.0015542
  9.85376e-09	1.87421e-10	  78267.2	203.482	      169.574	    5.84713	  1.05267	259.063	   0.00152739
  9.71727e-09	1.81621e-10	  78255.1	202.174	      165.627	    5.85421	  1.05385	258.732	   0.00149465
  9.58082e-09	1.75277e-10	  78243.7	200.895	      161.455	    5.88883	  1.05511	258.386	   0.00145949
  9.50887e-09	1.73713e-10	  78233.2	199.834	      157.175	    5.92204	  1.05628	258.065	   0.00142841
  9.48706e-09	1.71116e-10	  78219.1	198.868	      152.893	    5.95755	  1.05736	257.755	   0.00139821
  9.42129e-09	1.68921e-10	  78202.8	198.046	      148.497	      5.989	  1.05831	257.471	   0.00137046
  9.55743e-09	 1.6645e-10	  78185.3	197.552	      143.991	    6.01591	  1.05909	257.224	   0.00134737
  9.66484e-09	1.71405e-10	    78172	196.915	      139.651	    6.01611	  1.06001	256.957	   0.00132375
  9.57858e-09	1.60886e-10	  78156.9	195.915	      135.553	     6.0122	  1.06103	256.659	   0.00129591
  9.49239e-09	 1.5049e-10	  78139.7	195.119	       131.39	    6.01465	  1.06191	256.391	   0.00126943
  9.44952e-09	 1.4801e-10	  78122.1	193.918	      127.383	    6.03226	  1.06314	256.036	   0.00123842
  9.34142e-09	1.43172e-10	  78104.3	192.689	      123.388	    6.04719	  1.06442	255.671	   0.00120497
  9.35597e-09	1.41905e-10	  78087.4	191.716	      119.351	    6.05077	  1.06558	255.336	   0.00117639
  9.16204e-09	1.37167e-10	    78070	190.667	      115.458	    6.06905	  1.06663	255.027	   0.00114861
   8.9964e-09	1.32377e-10	  78050.7	189.688	      111.706	     6.0873	  1.06762	 254.73	   0.00112249
   8.5839e-09	1.23774e-10	  78031.7	 188.49	      108.152	    6.11358	  1.06867	254.417	   0.00109466
   8.5042e-09	1.18227e-10	  78012.9	187.454	      104.376	    6.13147	  1.06973	254.104	    0.0010674
  8.41042e-09	1.14613e-10	  77995.1	186.509	      100.567	    6.15905	  1.07077	253.799	   0.00104063
  8.25237e-09	  1.135e-10	  77979.2	185.818	      96.8048	    6.18031	   1.0717	253.528	   0.00101895
  8.22274e-09	1.13521e-10	  77961.8	184.905	       93.126	    6.21732	  1.07258	253.263	  0.000999466
  8.10041e-09	1.13933e-10	  77942.9	184.045	      89.5208	     6.2544	  1.07341	253.006	  0.000982473
  7.94176e-09	1.14503e-10	  77924.2	183.164	      85.9517	    6.25728	  1.07434	252.725	  0.000964151
   7.9123e-09	1.14263e-10	  77903.6	182.467	      82.2561	    6.27276	  1.07518	 252.46	  0.000946836
  8.04141e-09	1.10388e-10	  77882.6	182.038	      78.6389	    6.28572	  1.07585	252.237	  0.000931275
  7.86083e-09	1.07716e-10	  77862.1	181.294	      75.3837	      6.301	   1.0766	251.993	   0.00091266
  7.75981e-09	1.06778e-10	  77843.2	180.671	      71.9568	     6.3334	  1.07735	251.757	  0.000894365
  7.70238e-09	1.05328e-10	  77826.4	179.819	      68.6759	    6.36361	  1.07827	251.489	  0.000876836
  7.48614e-09	1.04039e-10	  77808.5	178.621	      65.7165	    6.37674	  1.07937	251.173	  0.000856762
  7.37893e-09	1.01367e-10	  77789.3	177.692	      62.6882	     6.4045	   1.0803	250.895	  0.000838492
  7.20606e-09	9.78848e-11	  77773.5	176.892	       59.687	    6.42921	  1.08118	250.641	    0.0008221
  7.08378e-09	9.76274e-11	  77756.5	176.122	      56.6212	     6.4484	  1.08216	250.359	   0.00080445
   7.0906e-09	9.63219e-11	  77739.1	175.612	      53.6385	    6.47525	  1.08297	250.116	  0.000789614
  7.14066e-09	9.56075e-11	  77722.2	175.142	      50.7388	    6.51005	  1.08363	 249.91	  0.000777631
  7.15489e-09	 9.5903e-11	    77706	174.737	      48.0303	    6.55013	  1.08416	249.734	  0.000767343
  7.10453e-09	9.55891e-11	  77691.8	174.363	      45.2538	    6.58272	  1.08474	249.556	  0.000758287
  7.01806e-09	  9.429e-11	    77679	173.806	      42.6619	    6.59485	  1.08548	249.345	  0.000745435
  6.89589e-09	9.34314e-11	  77667.1	173.116	      40.2107	     6.5971	  1.08629	249.119	  0.000730748
  6.79538e-09	8.62947e-11	  77652.9	 172.39	      37.7932	    6.61957	  1.08712	248.884	  0.000716797
  6.90293e-09	8.49838e-11	  77639.3	171.935	      35.3849	    6.63044	  1.08794	248.654	  0.000704464
  6.83804e-09	8.47282e-11	  77625.9	170.971	      33.2036	    6.66504	  1.08893	248.386	  0.000688628
  6.87426e-09	8.47389e-11	  77615.3	170.503	      30.8791	    6.69737	  1.08967	248.182	  0.000676612
  6.86753e-09	8.40026e-11	  77609.8	169.855	      28.7837	     6.7173	  1.09052	 247.97	  0.000665117
  6.78817e-09	 8.4166e-11	  77602.4	169.099	      26.7487	    6.73911	  1.09141	247.746	  0.000654332
  6.88873e-09	8.45053e-11	  77593.4	168.653	      24.6779	    6.74822	  1.09219	247.539	  0.000644394
  6.81688e-09	8.39657e-11	    77588	 167.92	      22.7628	    6.76909	  1.09312	247.311	  0.000633657
  6.82377e-09	 8.4997e-11	  77585.2	  167.2	      20.9679	    6.78466	  1.09406	247.091	  0.000623546
  6.66523e-09	 8.5096e-11	  77578.3	166.747	      19.2334	    6.82132	  1.09468	246.928	  0.000616346
  6.57925e-09	8.39717e-11	  77570.8	166.324	       17.618	    6.85082	  1.09519	 246.79	  0.000611343
  6.53605e-09	8.35427e-11	  77565.1	165.883	      16.0472	    6.84894	  1.09591	 246.61	  0.000603471
  6.47847e-09	8.29873e-11	  77555.2	165.609	      14.5282	    6.83114	  1.09654	246.437	  0.000596651
  6.46435e-09	8.24174e-11	  77543.8	165.168	      13.1075	    6.83637	  1.09722	246.248	  0.000587721
  6.54309e-09	8.18299e-11	  77531.2	164.874	      11.7407	    6.85434	  1.09782	246.073	  0.000579343
  6.64351e-09	8.10839e-11	  77519.4	164.526	      10.5076	    6.85915	  1.09853	245.876	  0.000570423
  6.46318e-09	8.01688e-11	    77509	163.627	      9.45305	    6.84991	   1.0996	245.603	  0.000557138
  6.36991e-09	7.91583e-11	  77493.6	162.645	      8.45492	    6.85834	  1.10067	245.316	  0.000545061
  6.29816e-09	7.82211e-11	  77477.1	161.777	       7.5127	     6.8684	   1.1016	245.057	  0.000534761
   6.3776e-09	7.73285e-11	    77458	161.275	      6.57625	    6.87492	  1.10225	244.853	  0.000527699
  6.42058e-09	7.58945e-11	  77441.5	160.915	      5.73797	     6.8831	  1.10274	244.692	   0.00052141
  6.32713e-09	7.49237e-11	  77428.9	 160.17	      5.03717	    6.87785	  1.10363	244.455	  0.000509963
  6.32724e-09	7.32119e-11	  77411.7	159.603	      4.33576	    6.89165	  1.10436	244.238	  0.000500309
  6.34876e-09	7.18757e-11	  77393.9	159.043	      3.71376	    6.89775	  1.10485	244.074	  0.000494286
  6.20498e-09	 7.0514e-11	  77374.2	158.121	      3.16815	    6.89996	  1.10552	243.864	  0.000485527
  6.11177e-09	6.93614e-11	    77352	157.235	      2.67899	    6.88889	  1.10625	243.633	  0.000476554
  5.99723e-09	6.78933e-11	  77328.4	156.449	      2.25644	     6.8961	   1.1069	243.415	  0.000467532
  5.91823e-09	6.69234e-11	  77309.3	155.627	       1.8796	    6.90696	   1.1075	243.224	  0.000458812
   5.8823e-09	6.56521e-11	  77286.6	 154.95	      1.54593	    6.91459	  1.10801	 243.04	  0.000452067
  5.78204e-09	6.44453e-11	  77262.9	154.131	      1.25803	     6.9322	  1.10857	242.843	  0.000444522
  5.68132e-09	6.36706e-11	  77244.1	153.369	     0.995879	    6.93806	  1.10921	242.644	  0.000436902
  5.50183e-09	6.27983e-11	  77232.1	152.503	     0.786633	    6.94752	  1.10996	242.441	  0.000428921
    5.387e-09	6.14729e-11	  77223.7	 151.78	     0.602026	    6.93057	   1.1109	 242.21	  0.000420245
   5.2789e-09	5.97017e-11	  77211.2	151.037	     0.452176	    6.90041	   1.1117	241.998	  0.000412483
  5.22128e-09	5.91319e-11	  77193.8	150.566	     0.323421	    6.90889	  1.11219	241.836	  0.000407186
   5.2143e-09	5.79079e-11	  77177.8	150.455	     0.216922	    6.93955	  1.11237	241.747	   0.00040377
  5.11382e-09	5.64254e-11	  77166.8	149.752	     0.141825	    6.95512	  1.11295	241.587	  0.000397985
  5.06341e-09	5.53942e-11	  77153.6	149.015	    0.0865048	    6.95338	   1.1136	241.405	  0.000391016
  4.98475e-09	5.30906e-11	  77136.3	148.513	    0.0473442	    6.95519	  1.11405	241.252	  0.000385268
  4.99906e-09	5.14783e-11	  77120.9	148.169	    0.0233191	    6.96822	   1.1143	 241.15	  0.000380899
  5.04916e-09	4.97874e-11	  77108.9	147.792	   0.00943507	    6.98169	   1.1147	241.026	   0.00037547
  5.12095e-09	4.81719e-11	  77096.5	147.465	   0.00259706	    7.00267	  1.11487	240.951	  0.000371896
  5.02788e-09	4.63798e-11	    77088	146.912	  0.000367359	    7.02582	  1.11523	240.846	  0.000367025
  5.08621e-09	 4.5244e-11	  77079.1	146.359	  4.20603e-06	    7.04044	  1.11564	240.729	  0.000363808
  5.15975e-09	4.33502e-11	  77067.4	146.028	  4.22506e-06	    7.06973	  1.11587	240.645	    0.0003616
  5.07406e-09	4.25309e-11	  77057.4	145.652	  4.23556e-06	    7.09402	  1.11609	240.566	  0.000358672
  5.03816e-09	4.19656e-11	  77048.1	  145.4	  4.24848e-06	    7.11172	  1.11626	  240.5	  0.000355922
  4.99531e-09	4.10009e-11	  77044.1	145.392	  4.26633e-06	    7.12764	  1.11634	 240.47	  0.000353638
  5.05993e-09	4.03166e-11	  77038.1	145.419	  4.28174e-06	    7.14527	  1.11636	240.448	  0.000352661
  5.00906e-09	 3.9367e-11	  77029.6	145.465	  4.31026e-06	    7.17914	  1.11615	240.466	  0.000352762
  4.96606e-09	3.83518e-11	  77019.4	145.216	  4.33484e-06	     7.2019	  1.11623	240.417	  0.000351016
  4.97302e-09	3.76136e-11	  77003.6	144.957	  4.34962e-06	    7.23893	   1.1161	240.394	  0.000350205
  4.89412e-09	3.83289e-11	  76986.9	144.697	  4.36367e-06	    7.25304	    1.116	240.364	  0.000349013
  4.83674e-09	3.81264e-11	  76974.5	144.452	  4.35651e-06	    7.25589	   1.1161	240.304	  0.000346502
  4.85108e-09	3.80026e-11	  76964.4	144.507	  4.35184e-06	      7.259	  1.11599	240.296	    0.0003458
  4.82236e-09	3.80076e-11	  76958.4	144.395	  4.34475e-06	    7.26424	  1.11596	240.284	   0.00034487
  4.75749e-09	3.72067e-11	  76952.8	 144.05	  4.33931e-06	    7.26238	  1.11629	240.195	  0.000341266
  4.76532e-09	3.63245e-11	  76943.4	143.756	  4.33039e-06	     7.2535	  1.11669	240.081	  0.000338303
   4.7228e-09	3.52665e-11	  76936.9	143.049	  4.33998e-06	    7.26675	  1.11731	239.928	  0.000333458
  4.67271e-09	3.42185e-11	    76930	142.359	  4.34417e-06	    7.27815	  1.11798	239.763	  0.000328666
  4.60825e-09	3.34663e-11	  76919.3	141.892	  4.35085e-06	    7.28098	  1.11841	239.636	  0.000324721
  4.52947e-09	3.23045e-11	  76904.7	141.756	  4.35317e-06	    7.28901	  1.11843	239.587	  0.000322859
  4.47935e-09	3.18144e-11	  76887.2	 141.65	  4.35053e-06	    7.31354	  1.11825	 239.57	  0.000322281
  4.46494e-09	3.16752e-11	    76874	141.659	  4.34835e-06	    7.34206	  1.11788	239.608	  0.000322721
  4.38601e-09	3.08455e-11	  76861.3	141.171	  4.35814e-06	    7.34516	  1.11786	239.573	  0.000320362
  4.28554e-09	3.01895e-11	  76852.4	140.602	  4.36816e-06	     7.3314	  1.11814	239.486	  0.000316995
   4.2997e-09	2.96933e-11	  76843.4	140.699	  4.36347e-06	    7.33742	   1.1181	239.467	  0.000316079
  4.32845e-09	2.89227e-11	  76838.1	140.802	  4.36286e-06	    7.34052	  1.11804	239.461	  0.000315271
  4.29232e-09	2.86342e-11	  76839.3	140.558	  4.37067e-06	    7.33019	  1.11833	239.404	  0.000313767
  4.17768e-09	 2.8487e-11	  76835.7	139.831	  4.38949e-06	    7.30835	  1.11899	239.252	  0.000308825
  4.12061e-09	2.88244e-11	  76824.6	139.339	  4.41255e-06	    7.30034	  1.11937	239.137	  0.000305967
  4.04871e-09	2.95332e-11	  76810.4	 139.07	  4.42034e-06	    7.30486	  1.11953	239.057	  0.000304661
  4.09167e-09	2.94262e-11	  76797.1	138.919	  4.41304e-06	    7.31072	  1.11963	238.996	  0.000302608
  4.05493e-09	2.87566e-11	  76785.6	138.855	  4.40383e-06	    7.32957	  1.11969	238.945	  0.000300758
  3.88094e-09	2.84298e-11	  76776.6	 138.38	  4.42465e-06	    7.31932	  1.11998	238.856	  0.000297479
  3.86632e-09	2.78258e-11	  76766.6	138.162	  4.44611e-06	     7.3144	  1.12008	238.804	  0.000295141
  3.83787e-09	2.74483e-11	  76755.5	137.933	  4.47279e-06	    7.33407	  1.12014	238.756	  0.000293227
  3.83753e-09	2.76945e-11	  76741.7	137.715	  4.47956e-06	    7.34602	  1.12009	238.724	  0.000292127
  3.74433e-09	2.72853e-11	  76733.1	137.384	  4.49447e-06	    7.33897	  1.12024	238.666	  0.000289899
  3.80215e-09	2.69605e-11	  76730.2	137.119	  4.49614e-06	    7.32553	  1.12065	238.569	  0.000286491
  3.82403e-09	2.69342e-11	  76726.6	136.786	  4.49793e-06	     7.3299	  1.12103	238.477	  0.000283929
  3.88919e-09	 2.6753e-11	  76722.8	136.594	    4.514e-06	    7.32874	  1.12137	238.392	  0.000282024
  3.95554e-09	2.58523e-11	  76733.3	136.575	  4.59604e-06	    7.33743	  1.12165	238.365	  0.000281988
  3.97007e-09	2.50801e-11	  76735.1	136.519	  4.61325e-06	    7.35739	  1.12187	238.325	     0.000281
  3.93367e-09	2.45082e-11	  76740.6	 135.98	  4.63274e-06	    7.38447	  1.12241	238.227	  0.000278859
  3.92659e-09	2.39171e-11	  76740.6	135.657	  4.65505e-06	    7.40972	  1.12276	238.153	  0.000277638
  3.92678e-09	2.43682e-11	  76738.5	135.223	  4.68389e-06	     7.4256	  1.12293	238.111	  0.000276736
  3.87529e-09	2.42596e-11	  76733.4	134.753	  4.72702e-06	    7.44367	  1.12305	 238.07	  0.000274828
  3.84584e-09	2.38242e-11	    76726	134.687	  4.75273e-06	    7.45238	  1.12289	238.081	  0.000274627
  3.88979e-09	2.38175e-11	    76721	134.852	  4.77783e-06	    7.44796	  1.12273	238.099	  0.000275589
  3.88257e-09	2.40692e-11	  76716.9	134.861	  4.80519e-06	    7.45521	  1.12261	238.111	  0.000276002
  3.92655e-09	2.39544e-11	    76710	134.737	   4.8362e-06	     7.4634	  1.12262	238.088	  0.000276724
  4.00689e-09	2.42413e-11	  76706.6	 134.71	  4.86903e-06	    7.46677	  1.12262	238.078	  0.000277389
  3.99247e-09	2.37208e-11	  76702.3	134.341	  4.91386e-06	    7.47062	  1.12295	237.993	  0.000275593
  3.98536e-09	2.28089e-11	    76698	134.203	  4.96161e-06	    7.47443	   1.1231	237.948	  0.000274844
   4.0667e-09	2.21924e-11	  76688.6	  134.1	  5.00153e-06	    7.48195	  1.12312	237.916	  0.000274415
  4.08137e-09	2.17017e-11	  76676.9	133.796	  5.04386e-06	    7.48226	  1.12318	237.867	  0.000272898
