      232.778	   0.797382		0   3.41765e-09		    0	3.41765e-09
      232.723	   0.797446		0   3.33711e-09		    0	3.33711e-09
       232.69	   0.797528		0   3.41602e-09		    0	3.41602e-09
      232.651	   0.797452		0   3.45909e-09		    0	3.45909e-09
      232.602	   0.797533		0   3.41354e-09		    0	3.41354e-09
      232.528	   0.797681		0   3.36275e-09		    0	3.36275e-09
      232.501	   0.797897		0   3.31977e-09		    0	3.31977e-09
      232.468	   0.798048		0   3.23833e-09		    0	3.23833e-09
      232.482	    0.79818		0     3.231e-09		    0	  3.231e-09
      232.515	   0.798332		0   3.23284e-09		    0	3.23284e-09
      232.507	   0.798426		0   3.19504e-09		    0	3.19504e-09
      232.509	   0.798561		0   3.19541e-09		    0	3.19541e-09
      232.482	   0.798675		0   3.08632e-09		    0	3.08632e-09
      232.439	   0.798673		0   3.07333e-09		    0	3.07333e-09
      232.546	   0.798813		0    3.1785e-09		    0	 3.1785e-09
      232.458	   0.798863		0   3.09249e-09		    0	3.09249e-09
      232.371	    0.79885		0   3.01405e-09		    0	3.01405e-09
      232.337	   0.798767		0   3.07192e-09		    0	3.07192e-09
       232.33	   0.798665		0   3.12252e-09		    0	3.12252e-09
      232.292	   0.798554		0   3.20011e-09		    0	3.20011e-09
       232.28	   0.798489		0   3.22785e-09		    0	3.22785e-09
      232.283	   0.798555		0   3.27046e-09		    0	3.27046e-09
      232.242	    0.79869		0    3.2208e-09		    0	 3.2208e-09
      232.269	   0.798756		0   3.32764e-09		    0	3.32764e-09
      232.263	   0.798846		0   3.34922e-09		    0	3.34922e-09
      232.269	   0.798867		0   3.39998e-09		    0	3.39998e-09
      232.275	   0.798857		0   3.47821e-09		    0	3.47821e-09
      232.241	    0.79891		0   3.49254e-09		    0	3.49254e-09
      232.153	   0.798925		0   3.46271e-09		    0	3.46271e-09
      232.086	   0.798997		0    3.4697e-09		    0	 3.4697e-09
      232.053	   0.799093		0   3.51325e-09		    0	3.51325e-09
      232.051	   0.799196		0   3.53517e-09		    0	3.53517e-09
      232.014	   0.799331		0   3.47102e-09		    0	3.47102e-09
      231.999	     0.7995		0   3.38447e-09		    0	3.38447e-09
	  232	   0.799599		0    3.3779e-09		    0	 3.3779e-09
      232.044	   0.799534		0    3.4782e-09		    0	 3.4782e-09
      232.011	   0.799472		0    3.5219e-09		    0	 3.5219e-09
      231.986	   0.799368		0   3.57299e-09		    0	3.57299e-09
      231.887	   0.799271		0   3.55114e-09		    0	3.55114e-09
      231.806	   0.799125		0   3.49307e-09		    0	3.49307e-09
      231.735	   0.799146		0   3.53687e-09		    0	3.53687e-09
      231.698	   0.799114		0    3.5234e-09		    0	 3.5234e-09
	231.7	   0.799026		0   3.50153e-09		    0	3.50153e-09
      231.727	   0.799009		0      3.45e-09		    0	   3.45e-09
      231.742	   0.798865		0   3.47102e-09		    0	3.47102e-09
      231.824	    0.79879		0   3.54965e-09		    0	3.54965e-09
      231.873	   0.798842		0   3.56407e-09		    0	3.56407e-09
      231.869	   0.798959		0   3.53453e-09		    0	3.53453e-09
      231.817	   0.798903		0    3.4333e-09		    0	 3.4333e-09
      231.764	   0.798862		0   3.34804e-09		    0	3.34804e-09
      231.734	    0.79878		0   3.32652e-09		    0	3.32652e-09
      231.743	   0.798701		0   3.36861e-09		    0	3.36861e-09
      231.761	   0.798652		0   3.40263e-09		    0	3.40263e-09
      231.793	   0.798667		0   3.35287e-09		    0	3.35287e-09
      231.818	   0.798678		0   3.35294e-09		    0	3.35294e-09
      231.805	   0.798731		0   3.38151e-09		    0	3.38151e-09
      231.863	   0.798732		0   3.33819e-09		    0	3.33819e-09
      231.926	   0.798839		0   3.28153e-09		    0	3.28153e-09
      231.976	   0.798975		0   3.31057e-09		    0	3.31057e-09
      232.062	   0.799062		0   3.33285e-09		    0	3.33285e-09
      232.135	   0.798984		0   3.31739e-09		    0	3.31739e-09
      232.224	   0.798949		0   3.33131e-09		    0	3.33131e-09
       232.31	   0.798875		0   3.26012e-09		    0	3.26012e-09
      232.443	   0.798729		0     3.267e-09		    0	  3.267e-09
      232.537	   0.798636		0   3.22408e-09		    0	3.22408e-09
      232.591	   0.798574		0   3.13088e-09		    0	3.13088e-09
      232.642	   0.798583		0   3.15074e-09		    0	3.15074e-09
      232.681	   0.798448		0   3.15573e-09		    0	3.15573e-09
      232.771	   0.798341		0   3.19612e-09		    0	3.19612e-09
      232.871	   0.798173		0   3.23086e-09		    0	3.23086e-09
      232.951	   0.797945		0   3.33746e-09		    0	3.33746e-09
       232.98	   0.797793		0   3.37778e-09		    0	3.37778e-09
      232.988	   0.797673		0   3.39932e-09		    0	3.39932e-09
      233.051	   0.797379		0   3.38654e-09		    0	3.38654e-09
      233.124	   0.797188		0   3.32388e-09		    0	3.32388e-09
      233.187	   0.796953		0    3.2086e-09		    0	 3.2086e-09
       233.32	   0.796651		0   3.17225e-09		    0	3.17225e-09
      233.538	   0.796342		0   3.20142e-09		    0	3.20142e-09
       233.78	   0.796005		0   3.27285e-09		    0	3.27285e-09
      233.997	   0.795728		0   3.30018e-09		    0	3.30018e-09
      234.244	   0.795263		0   3.35751e-09		    0	3.35751e-09
      234.488	     0.7948		0   3.40039e-09		    0	3.40039e-09
      234.679	   0.794279		0   3.44236e-09		    0	3.44236e-09
      234.886	   0.793661		0   3.59194e-09		    0	3.59194e-09
      235.125	   0.793172		0    3.5546e-09		    0	 3.5546e-09
      235.394	   0.792572		0   3.49567e-09		    0	3.49567e-09
      235.613	   0.791998		0   3.44608e-09		    0	3.44608e-09
       235.82	    0.79127		0   3.40814e-09		    0	3.40814e-09
      236.103	   0.790443		0   3.43573e-09		    0	3.43573e-09
      236.367	    0.78973		0   3.41363e-09		    0	3.41363e-09
      236.626	   0.789058		0   3.42567e-09		    0	3.42567e-09
      236.924	   0.788316		0   3.47468e-09		    0	3.47468e-09
      237.278	   0.787621		0   3.54374e-09		    0	3.54374e-09
      237.592	   0.786884		0   3.55582e-09		    0	3.55582e-09
      237.935	   0.786214		0    3.5469e-09		    0	 3.5469e-09
      238.261	   0.785477		0   3.55344e-09		    0	3.55344e-09
      238.612	   0.784771		0   3.51781e-09		    0	3.51781e-09
      238.989	   0.784148		0    3.5396e-09		    0	 3.5396e-09
      239.345	   0.783499		0   3.59072e-09		    0	3.59072e-09
       239.72	   0.782937		0   3.65446e-09		    0	3.65446e-09
      240.109	    0.78226		0   3.63148e-09		    0	3.63148e-09
      240.528	   0.781629		0   3.60646e-09		    0	3.60646e-09
      240.971	   0.781006		0   3.61732e-09		    0	3.61732e-09
	241.4	    0.78039		0   3.60741e-09		    0	3.60741e-09
      241.824	   0.779824		0   3.61107e-09		    0	3.61107e-09
      242.243	    0.77925		0    3.6304e-09		    0	 3.6304e-09
      242.652	   0.778689		0   3.73385e-09		    0	3.73385e-09
      243.041	   0.778158		0    3.6662e-09		    0	 3.6662e-09
      243.405	   0.777546		0   3.61141e-09		    0	3.61141e-09
      243.791	   0.777019		0   3.55037e-09		    0	3.55037e-09
      244.178	   0.776464		0   3.47504e-09		    0	3.47504e-09
      244.597	   0.775944		0   3.39645e-09		    0	3.39645e-09
      245.069	   0.775503		0   3.31243e-09		    0	3.31243e-09
      245.492	   0.775159		0    3.1132e-09		    0	 3.1132e-09
      245.875	   0.774781		0   3.03518e-09		    0	3.03518e-09
      246.243	   0.774365		0   2.95131e-09		    0	2.95131e-09
      246.659	   0.773967		0   2.94382e-09		    0	2.94382e-09
      247.116	   0.773625		0    2.9949e-09		    0	 2.9949e-09
      247.569	   0.773365		0   2.88826e-09		    0	2.88826e-09
      248.041	   0.773166		0   2.89518e-09		    0	2.89518e-09
      248.488	   0.772939		0   2.89514e-09		    0	2.89514e-09
      248.887	   0.772779		0   2.79982e-09		    0	2.79982e-09
      249.228	    0.77258		0   2.74167e-09		    0	2.74167e-09
      249.583	   0.772469		0   2.72539e-09		    0	2.72539e-09
      249.901	   0.772345		0   2.70476e-09		    0	2.70476e-09
      250.255	   0.772345		0   2.62307e-09		    0	2.62307e-09
      250.627	   0.772399		0   2.62751e-09		    0	2.62751e-09
      251.012	   0.772349		0   2.52864e-09		    0	2.52864e-09
      251.426	   0.772447		0   2.41549e-09		    0	2.41549e-09
      251.828	   0.772452		0   2.27467e-09		    0	2.27467e-09
      252.229	    0.77258		0   2.13042e-09		    0	2.13042e-09
       252.62	   0.772764		0   2.06307e-09		    0	2.06307e-09
	  253	   0.773048		0   2.08079e-09	  7.32369e-13	2.08152e-09
      253.337	   0.773239		0   2.04203e-09	  1.16701e-12	2.04319e-09
      253.671	   0.773505		0   2.05246e-09	  5.80799e-12	2.05827e-09
      254.005	   0.773874		0   2.04621e-09	  1.18943e-11	 2.0581e-09
       254.34	   0.774342		0   1.96617e-09	  3.01346e-11	 1.9963e-09
      254.694	   0.774874		0   2.03631e-09	  5.20806e-11	2.08839e-09
      255.051	   0.775416		0   2.00346e-09	  7.25196e-11	2.07598e-09
      255.398	   0.775927		0   2.06954e-09	  8.27782e-11	2.15232e-09
      255.698	   0.776462		0   2.00816e-09	    8.464e-11	 2.0928e-09
      255.982	   0.777037		0   1.96578e-09	  8.50464e-11	2.05083e-09
      256.249	   0.777512		0   1.91318e-09	  9.04914e-11	2.00368e-09
      256.539	   0.778093		0   1.93835e-09	  9.11456e-11	2.02949e-09
      256.807	   0.778723		0   1.93688e-09	  9.40555e-11	2.03094e-09
      257.103	   0.779531		0   1.98694e-09	  1.06907e-10	2.09385e-09
      257.396	   0.780529		0   1.99708e-09	  1.28213e-10	2.12529e-09
      257.668	   0.781437		0   2.02271e-09	   1.7113e-10	2.19384e-09
      257.915	   0.782205		0   2.08296e-09	  2.32617e-10	2.31557e-09
      258.136	   0.782916		0   2.07388e-09	  2.62238e-10	2.33612e-09
      258.334	    0.78372		0   2.04177e-09	  2.98303e-10	2.34007e-09
      258.532	   0.784556		0   2.13096e-09	  3.43899e-10	2.47485e-09
      258.739	   0.785395		0   2.16296e-09	  4.13835e-10	2.57679e-09
      258.947	   0.786249		0   2.19597e-09	  5.03347e-10	2.69932e-09
      259.175	   0.787122		0   2.17154e-09	  6.30389e-10	2.80193e-09
      259.375	   0.787867		0   2.22178e-09	  7.48476e-10	2.97026e-09
       259.53	   0.788526		0   2.16317e-09	  8.70656e-10	3.03383e-09
      259.679	    0.78923		0   2.25696e-09	  1.00907e-09	3.26604e-09
      259.835	   0.789874		0   2.35262e-09	   1.1385e-09	3.49112e-09
      259.987	   0.790468		0   2.38979e-09	  1.30223e-09	3.69202e-09
      260.137	   0.791048		0     2.422e-09	  1.46494e-09	3.88694e-09
      260.294	   0.791564		0   2.49145e-09	  1.60137e-09	4.09282e-09
      260.464	   0.792115		0   2.47666e-09	  1.70616e-09	4.18283e-09
      260.667	   0.792759		0   2.55634e-09	  1.82865e-09	4.38498e-09
      260.828	   0.793284		0   2.55727e-09	  1.94872e-09	4.50599e-09
      260.987	   0.793602		0   2.57929e-09	  2.09235e-09	4.67163e-09
      261.151	    0.79396		0   2.65367e-09	  2.20006e-09	4.85372e-09
      261.293	   0.794225		0   2.66556e-09	  2.37242e-09	5.03798e-09
      261.424	   0.794565		0   2.69232e-09	  2.56797e-09	5.26028e-09
      261.557	   0.794723		0    2.6507e-09	  2.73882e-09	5.38952e-09
      261.698	   0.794924		0   2.69203e-09	  2.97634e-09	5.66837e-09
       261.83	   0.794974		0   2.73768e-09	  3.18954e-09	5.92722e-09
      261.984	   0.795212		0   2.85134e-09	  3.42851e-09	6.27985e-09
      262.108	   0.795442		0   2.93668e-09	  3.64364e-09	6.58032e-09
      262.226	   0.795635		0    3.0341e-09	  3.80275e-09	6.83685e-09
      262.323	   0.795768		0   3.05736e-09	  3.89392e-09	6.95128e-09
      262.396	   0.795821		0   3.08484e-09	  3.97276e-09	7.05759e-09
      262.444	   0.795964		0   3.08902e-09	  4.00925e-09	7.09827e-09
      262.481	    0.79615		0   3.11679e-09	  4.03505e-09	7.15183e-09
      262.533	   0.796369		0   3.16367e-09	  4.08832e-09	7.25199e-09
      262.619	   0.796566		0   3.28651e-09	  4.13838e-09	7.42489e-09
      262.723	   0.796631		0   3.34567e-09	  4.19771e-09	7.54337e-09
      262.824	    0.79662		0   3.36239e-09	  4.27551e-09	 7.6379e-09
      262.908	   0.796713		0   3.46304e-09	  4.27186e-09	 7.7349e-09
      262.963	   0.796895		0   3.56015e-09	  4.21017e-09	7.77032e-09
      263.024	   0.797102		0    3.7172e-09	  4.13107e-09	7.84826e-09
      263.104	   0.797325		0   3.81482e-09	  4.08636e-09	7.90118e-09
      263.171	   0.797579		0   3.83047e-09	  4.07782e-09	 7.9083e-09
      263.204	   0.797774		0   3.83679e-09	  4.05413e-09	7.89092e-09
      263.206	   0.797951		0   3.84653e-09	  3.98708e-09	7.83361e-09
	263.2	   0.798082		0   3.86392e-09	  3.89372e-09	7.75763e-09
      263.176	   0.798279		0    3.7987e-09	  3.80457e-09	7.60327e-09
      263.116	   0.798379		0   3.82162e-09	  3.71445e-09	7.53607e-09
       263.06	   0.798586		0   3.99548e-09	  3.60454e-09	7.60002e-09
      263.012	   0.798855		0   4.10991e-09	  3.50732e-09	7.61722e-09
      262.951	   0.799278		0   4.18063e-09	  3.37233e-09	7.55296e-09
       262.88	   0.799592		0   4.20903e-09	  3.28336e-09	7.49239e-09
      262.791	   0.799894		0   4.15845e-09	  3.10604e-09	7.26449e-09
      262.708	   0.800119		0   4.20156e-09	  2.90475e-09	7.10631e-09
      262.618	   0.800522		0   4.21053e-09	  2.75105e-09	6.96157e-09
      262.505	   0.800837		0   4.24198e-09	  2.52484e-09	6.76681e-09
      262.376	   0.801277		0   4.22959e-09	   2.3204e-09	6.54999e-09
      262.223	   0.801624		0    4.2681e-09	  2.07985e-09	6.34795e-09
      262.075	    0.80188		0   4.23113e-09	  1.87997e-09	6.11109e-09
       261.92	   0.802221		0   4.25275e-09	  1.72026e-09	  5.973e-09
       261.76	   0.802568		0   4.40832e-09	  1.61672e-09	6.02504e-09
      261.611	    0.80286		0   4.55211e-09	  1.51723e-09	6.06934e-09
      261.471	   0.803101		0   4.70463e-09	  1.43782e-09	6.14245e-09
       261.33	   0.803277		0   4.72974e-09	  1.35174e-09	6.08148e-09
      261.161	   0.803605		0   4.73874e-09	  1.26884e-09	6.00758e-09
      260.969	   0.803908		0   4.61992e-09	  1.18272e-09	5.80264e-09
      260.721	   0.804123		0    4.5093e-09	   1.0778e-09	 5.5871e-09
      260.474	   0.804511		0   4.55741e-09	   9.3006e-10	5.48747e-09
      260.223	    0.80486		0   4.49024e-09	  8.44199e-10	5.33444e-09
      259.977	   0.805072		0   4.43951e-09	  7.78845e-10	5.21835e-09
      259.707	   0.805309		0   4.32422e-09	  7.42635e-10	5.06685e-09
      259.438	   0.805556		0    4.3177e-09	  6.65923e-10	4.98362e-09
       259.16	   0.805893		0    4.3372e-09	  5.36043e-10	4.87324e-09
      258.855	    0.80619		0     4.278e-09	  4.30309e-10	4.70831e-09
      258.573	   0.806626		0   4.27887e-09	  3.33628e-10	4.61249e-09
      258.303	   0.807118		0   4.37996e-09	  2.64288e-10	4.64425e-09
      257.998	   0.807525		0   4.46534e-09	  2.17002e-10	4.68234e-09
      257.718	   0.807929		0   4.53824e-09	  2.01593e-10	4.73983e-09
      257.419	   0.808232		0   4.40054e-09	  1.88588e-10	4.58913e-09
       257.11	     0.8085		0   4.32704e-09	  1.61094e-10	4.48814e-09
	256.8	    0.80872		0   4.28676e-09	  1.46369e-10	4.43313e-09
       256.45	   0.808949		0   4.20264e-09	  1.09386e-10	4.31203e-09
      256.086	    0.80922		0   4.17191e-09	   9.2398e-11	4.26431e-09
      255.787	   0.809594		0   4.23672e-09	  7.77038e-11	4.31443e-09
      255.496	   0.809959		0   4.34055e-09	  5.02951e-11	4.39085e-09
       255.21	   0.810416		0   4.43554e-09	  3.71272e-11	4.47266e-09
      254.899	   0.810804		0   4.53944e-09	    2.795e-11	4.56739e-09
      254.584	   0.811126		0   4.48195e-09	   2.4096e-11	4.50605e-09
      254.221	   0.811431		0   4.51385e-09	  8.19057e-12	4.52204e-09
      253.862	   0.811683		0   4.52305e-09	   5.8823e-12	4.52893e-09
      253.501	   0.811891		0   4.40336e-09	  5.38935e-12	4.40875e-09
      253.121	   0.812036		0   4.22181e-09	  4.73648e-12	4.22655e-09
      252.793	    0.81222		0   4.14175e-09	  4.73648e-12	4.14649e-09
      252.495	   0.812489		0   4.17339e-09	  3.53935e-12	4.17693e-09
      252.184	    0.81263		0   4.25085e-09	  3.53935e-12	4.25439e-09
      251.851	   0.812766		0   4.34763e-09	  3.53935e-12	4.35117e-09
      251.535	   0.813047		0   4.42591e-09	  3.53935e-12	4.42945e-09
      251.158	   0.813321		0   4.35889e-09	  3.53432e-12	4.36243e-09
       250.78	   0.813503		0   4.35134e-09	  3.53432e-12	4.35487e-09
      250.411	   0.813725		0   4.37794e-09	  3.53432e-12	4.38147e-09
      250.129	    0.81386		0   4.43896e-09	  7.60768e-13	4.43972e-09
      249.793	   0.814043		0   4.47734e-09		    0	4.47734e-09
      249.499	   0.814084		0   4.50849e-09		    0	4.50849e-09
      249.248	   0.814215		0   4.67503e-09		    0	4.67503e-09
      248.941	    0.81435		0   4.74381e-09		    0	4.74381e-09
      248.625	   0.814574		0   4.73508e-09		    0	4.73508e-09
      248.315	   0.814829		0   4.69282e-09		    0	4.69282e-09
      247.988	   0.815059		0   4.59454e-09		    0	4.59454e-09
      247.712	   0.815277		0   4.64523e-09		    0	4.64523e-09
      247.452	   0.815581		0   4.75872e-09		    0	4.75872e-09
      247.202	   0.815825		0   4.72691e-09		    0	4.72691e-09
      246.916	   0.816077		0   4.70312e-09		    0	4.70312e-09
      246.657	   0.816267		0   4.76485e-09		    0	4.76485e-09
      246.301	    0.81648		0   4.69909e-09		    0	4.69909e-09
      245.936	   0.816764		0   4.59368e-09		    0	4.59368e-09
      245.617	   0.816877		0   4.46661e-09		    0	4.46661e-09
      245.281	   0.816916		0    4.3741e-09		    0	 4.3741e-09
      244.941	   0.816968		0   4.30577e-09		    0	4.30577e-09
       244.63	    0.81696		0   4.28708e-09		    0	4.28708e-09
      244.397	   0.816931		0   4.26372e-09		    0	4.26372e-09
      244.201	   0.816898		0   4.30589e-09		    0	4.30589e-09
      243.999	   0.816759		0   4.35844e-09		    0	4.35844e-09
      243.752	    0.81658		0   4.30879e-09		    0	4.30879e-09
      243.512	   0.816458		0   4.32967e-09		    0	4.32967e-09
      243.245	   0.816245		0   4.23368e-09		    0	4.23368e-09
      242.981	   0.816101		0   4.19782e-09		    0	4.19782e-09
      242.736	   0.815908		0   4.18651e-09		    0	4.18651e-09
      242.558	   0.815557		0   4.19426e-09		    0	4.19426e-09
      242.333	   0.815354		0   4.16042e-09		    0	4.16042e-09
      242.115	   0.815026		0   4.13296e-09		    0	4.13296e-09
      241.871	   0.814872		0    4.0032e-09		    0	 4.0032e-09
      241.634	   0.814647		0   3.89459e-09		    0	3.89459e-09
      241.343	   0.814563		0   3.72986e-09		    0	3.72986e-09
      241.034	   0.814315		0   3.52775e-09		    0	3.52775e-09
      240.802	   0.813968		0   3.48084e-09		    0	3.48084e-09
      240.589	   0.813353		0   3.44899e-09		    0	3.44899e-09
      240.384	   0.812779		0   3.43673e-09		    0	3.43673e-09
      240.198	   0.812134		0   3.42411e-09		    0	3.42411e-09
      239.974	   0.811502		0   3.37442e-09		    0	3.37442e-09
      239.709	   0.810797		0   3.30902e-09		    0	3.30902e-09
      239.425	   0.810254		0   3.30962e-09		    0	3.30962e-09
      239.208	   0.809674		0   3.28892e-09		    0	3.28892e-09
      238.995	   0.809088		0   3.28407e-09		    0	3.28407e-09
      238.851	   0.808435		0   3.31461e-09		    0	3.31461e-09
      238.699	   0.807693		0   3.34716e-09		    0	3.34716e-09
      238.503	   0.807126		0   3.36575e-09		    0	3.36575e-09
       238.36	   0.806733		0   3.43208e-09		    0	3.43208e-09
      238.218	   0.806315		0   3.43133e-09		    0	3.43133e-09
      238.056	   0.805962		0   3.41019e-09		    0	3.41019e-09
      237.914	   0.805592		0    3.3538e-09		    0	 3.3538e-09
      237.734	   0.805218		0   3.24051e-09		    0	3.24051e-09
      237.563	   0.804918		0   3.25697e-09		    0	3.25697e-09
      237.409	   0.804684		0   3.24468e-09		    0	3.24468e-09
      237.264	   0.804256		0   3.18284e-09		    0	3.18284e-09
      237.133	   0.803987		0   3.20868e-09		    0	3.20868e-09
      236.918	   0.803694		0   3.18724e-09		    0	3.18724e-09
      236.681	   0.803336		0   3.15187e-09		    0	3.15187e-09
      236.478	    0.80302		0   3.16952e-09		    0	3.16952e-09
      236.373	   0.802714		0   3.13835e-09		    0	3.13835e-09
      236.284	   0.802442		0   3.12734e-09		    0	3.12734e-09
      236.099	   0.802143		0   3.15335e-09		    0	3.15335e-09
      235.963	   0.801895		0   3.21165e-09		    0	3.21165e-09
      235.895	   0.801536		0    3.2495e-09		    0	 3.2495e-09
      235.846	   0.801295		0   3.29416e-09		    0	3.29416e-09
       235.78	   0.801132		0   3.26827e-09		    0	3.26827e-09
      235.729	   0.801057		0   3.24192e-09		    0	3.24192e-09
      235.657	   0.800882		0   3.26005e-09		    0	3.26005e-09
      235.575	   0.800879		0    3.2366e-09		    0	 3.2366e-09
      235.501	   0.800843		0   3.17808e-09		    0	3.17808e-09
      235.455	   0.800747		0   3.16106e-09		    0	3.16106e-09
      235.418	   0.800609		0   3.16483e-09		    0	3.16483e-09
      235.378	   0.800518		0   3.29062e-09		    0	3.29062e-09
      235.389	    0.80039		0   3.39728e-09		    0	3.39728e-09
      235.328	   0.800409		0   3.51626e-09		    0	3.51626e-09
      235.271	   0.800526		0   3.50125e-09		    0	3.50125e-09
      235.224	   0.800562		0   3.53772e-09		    0	3.53772e-09
      235.173	   0.800451		0   3.55069e-09		    0	3.55069e-09
      235.128	   0.800381		0   3.60766e-09		    0	3.60766e-09
      235.127	    0.80022		0   3.64368e-09		    0	3.64368e-09
      234.988	   0.800078		0   3.64223e-09		    0	3.64223e-09
      234.875	   0.799977		0   3.64057e-09		    0	3.64057e-09
       234.73	   0.799957		0   3.56455e-09		    0	3.56455e-09
      234.532	   0.799872		0   3.50368e-09		    0	3.50368e-09
      234.314	   0.799916		0   3.39426e-09		    0	3.39426e-09
      234.199	   0.799875		0   3.34345e-09		    0	3.34345e-09
      234.208	   0.799783		0   3.30701e-09		    0	3.30701e-09
      234.252	    0.79975		0   3.28545e-09		    0	3.28545e-09
      234.256	   0.799728		0   3.27051e-09		    0	3.27051e-09
      234.196	   0.799521		0   3.36907e-09		    0	3.36907e-09
      234.144	    0.79947		0    3.3545e-09		    0	 3.3545e-09
      234.129	   0.799326		0   3.35194e-09		    0	3.35194e-09
      234.064	    0.79918		0   3.33537e-09		    0	3.33537e-09
      233.952	   0.798997		0   3.32513e-09		    0	3.32513e-09
      233.854	     0.7989		0   3.33857e-09		    0	3.33857e-09
      233.772	   0.798712		0   3.42454e-09		    0	3.42454e-09
      233.702	    0.79857		0   3.50791e-09		    0	3.50791e-09
      233.711	   0.798371		0   3.59654e-09		    0	3.59654e-09
      233.685	   0.798246		0   3.70065e-09		    0	3.70065e-09
      233.645	   0.798165		0   3.76307e-09		    0	3.76307e-09
      233.584	   0.798156		0   3.79575e-09		    0	3.79575e-09
       233.55	   0.798063		0   3.80944e-09		    0	3.80944e-09
      233.501	   0.797879		0   3.72276e-09		    0	3.72276e-09
      233.429	   0.797766		0   3.71279e-09		    0	3.71279e-09
       233.37	   0.797742		0   3.60162e-09		    0	3.60162e-09
      233.296	   0.797558		0   3.59866e-09		    0	3.59866e-09
      233.276	   0.797367		0   3.51527e-09		    0	3.51527e-09
      233.245	     0.7973		0   3.52773e-09		    0	3.52773e-09
      233.157	   0.797224		0   3.48878e-09		    0	3.48878e-09
      233.054	   0.797305		0   3.43548e-09		    0	3.43548e-09
      233.039	   0.797376		0   3.40479e-09		    0	3.40479e-09
      232.984	   0.797449		0   3.36681e-09		    0	3.36681e-09
      232.944	   0.797418		0   3.34611e-09		    0	3.34611e-09
      232.988	   0.797321		0   3.42654e-09		    0	3.42654e-09
      233.008	    0.79731		0   3.44784e-09		    0	3.44784e-09
      233.004	   0.797231		0    3.4613e-09		    0	 3.4613e-09
      232.985	   0.797201		0   3.51167e-09		    0	3.51167e-09
      232.916	   0.797206		0   3.51084e-09		    0	3.51084e-09
      232.868	   0.797215		0   3.50878e-09		    0	3.50878e-09
      232.867	   0.797335		0   3.47847e-09		    0	3.47847e-09
      232.838	   0.797339		0   3.45444e-09		    0	3.45444e-09
