       240.42	   0.811009		0   2.95173e-08		    0	2.95173e-08
      240.326	   0.810988		0    2.9643e-08		    0	 2.9643e-08
      240.231	   0.811088		0   2.95668e-08		    0	2.95668e-08
      240.116	   0.811145		0   2.93856e-08		    0	2.93856e-08
      240.053	   0.811151		0   2.95528e-08		    0	2.95528e-08
      240.042	   0.811181		0   2.98187e-08		    0	2.98187e-08
      240.063	   0.811136		0   3.00585e-08		    0	3.00585e-08
      240.119	   0.811178		0   3.11144e-08		    0	3.11144e-08
      240.208	   0.811145		0   3.20292e-08		    0	3.20292e-08
      240.326	   0.811104		0   3.25409e-08		    0	3.25409e-08
      240.424	   0.811173		0   3.25052e-08		    0	3.25052e-08
       240.49	    0.81117		0   3.27474e-08		    0	3.27474e-08
      240.556	   0.811153		0   3.28078e-08		    0	3.28078e-08
      240.604	   0.811249		0    3.3075e-08		    0	 3.3075e-08
      240.646	   0.811442		0   3.23966e-08		    0	3.23966e-08
      240.671	   0.811398		0    3.2718e-08		    0	 3.2718e-08
      240.738	   0.811369		0   3.31349e-08		    0	3.31349e-08
      240.774	   0.811325		0   3.29224e-08		    0	3.29224e-08
      240.754	   0.811433		0   3.24599e-08		    0	3.24599e-08
      240.682	   0.811523		0   3.19825e-08		    0	3.19825e-08
      240.587	   0.811581		0   3.14737e-08		    0	3.14737e-08
      240.499	   0.811671		0   3.18039e-08		    0	3.18039e-08
      240.479	    0.81161		0   3.22763e-08		    0	3.22763e-08
      240.521	   0.811565		0   3.25664e-08		    0	3.25664e-08
      240.607	   0.811533		0   3.28359e-08		    0	3.28359e-08
      240.694	   0.811522		0   3.31179e-08		    0	3.31179e-08
      240.779	   0.811539		0   3.33222e-08		    0	3.33222e-08
      240.833	     0.8116		0   3.32546e-08		    0	3.32546e-08
      240.871	   0.811558		0   3.31751e-08		    0	3.31751e-08
      240.988	   0.811521		0   3.29076e-08		    0	3.29076e-08
      241.139	   0.811471		0   3.30542e-08		    0	3.30542e-08
      241.266	   0.811436		0   3.34656e-08		    0	3.34656e-08
      241.359	   0.811346		0   3.39011e-08		    0	3.39011e-08
       241.47	   0.811246		0   3.40828e-08		    0	3.40828e-08
      241.578	   0.811207		0   3.43829e-08		    0	3.43829e-08
      241.666	   0.811154		0   3.46927e-08		    0	3.46927e-08
       241.74	   0.811113		0   3.46561e-08		    0	3.46561e-08
      241.765	   0.811061		0   3.39651e-08		    0	3.39651e-08
      241.732	   0.811009		0   3.36903e-08		    0	3.36903e-08
      241.642	   0.810942		0   3.32573e-08		    0	3.32573e-08
      241.579	   0.810817		0    3.3174e-08		    0	 3.3174e-08
      241.536	   0.810697		0   3.24779e-08		    0	3.24779e-08
      241.513	   0.810562		0   3.22644e-08		    0	3.22644e-08
      241.496	   0.810408		0   3.18484e-08		    0	3.18484e-08
	241.5	   0.810194		0   3.18728e-08		    0	3.18728e-08
      241.509	   0.810093		0   3.15793e-08		    0	3.15793e-08
      241.517	   0.809961		0   3.13705e-08		    0	3.13705e-08
      241.552	   0.809714		0   3.10228e-08		    0	3.10228e-08
      241.639	   0.809451		0   3.12186e-08		    0	3.12186e-08
      241.761	    0.80925		0   3.16071e-08		    0	3.16071e-08
       241.88	   0.809088		0   3.14175e-08		    0	3.14175e-08
      241.942	   0.808917		0   3.07522e-08		    0	3.07522e-08
      241.949	   0.808735		0   3.03304e-08		    0	3.03304e-08
      241.962	   0.808489		0   2.99696e-08		    0	2.99696e-08
      241.974	   0.808328		0   2.96389e-08		    0	2.96389e-08
      242.019	    0.80814		0   2.93126e-08		    0	2.93126e-08
      242.072	   0.807933		0    2.8931e-08		    0	 2.8931e-08
      242.126	   0.807769		0   2.89954e-08		    0	2.89954e-08
      242.193	   0.807593		0   2.88368e-08		    0	2.88368e-08
      242.246	    0.80734		0   2.84033e-08		    0	2.84033e-08
      242.291	   0.807161		0   2.79203e-08		    0	2.79203e-08
      242.392	   0.806988		0   2.79387e-08		    0	2.79387e-08
      242.518	   0.806847		0     2.773e-08		    0	  2.773e-08
      242.627	   0.806652		0   2.72299e-08		    0	2.72299e-08
      242.701	   0.806418		0   2.69376e-08		    0	2.69376e-08
       242.76	   0.806154		0   2.65251e-08		    0	2.65251e-08
      242.829	   0.805945		0   2.59583e-08		    0	2.59583e-08
      242.973	    0.80576		0   2.58993e-08		    0	2.58993e-08
       243.14	   0.805437		0   2.57249e-08		    0	2.57249e-08
      243.285	   0.805229		0   2.53094e-08		    0	2.53094e-08
       243.43	   0.804966		0   2.47868e-08		    0	2.47868e-08
      243.591	   0.804679		0   2.47543e-08		    0	2.47543e-08
      243.746	   0.804434		0   2.46227e-08		    0	2.46227e-08
      243.889	   0.804199		0   2.43533e-08		    0	2.43533e-08
      244.012	   0.804004		0   2.39175e-08		    0	2.39175e-08
      244.139	    0.80378		0   2.38604e-08		    0	2.38604e-08
      244.302	   0.803493		0   2.43787e-08		    0	2.43787e-08
      244.483	    0.80318		0   2.41856e-08		    0	2.41856e-08
      244.659	   0.802893		0   2.39377e-08		    0	2.39377e-08
      244.852	   0.802646		0   2.39472e-08		    0	2.39472e-08
      245.065	   0.802483		0   2.40554e-08		    0	2.40554e-08
      245.318	   0.802284		0   2.41749e-08		    0	2.41749e-08
       245.57	   0.802115		0    2.4161e-08		    0	 2.4161e-08
      245.785	   0.801959		0   2.38025e-08		    0	2.38025e-08
      246.004	   0.801724		0   2.38467e-08		    0	2.38467e-08
      246.223	   0.801407		0    2.3704e-08		    0	 2.3704e-08
      246.405	   0.801201		0   2.34306e-08		    0	2.34306e-08
      246.574	   0.800887		0   2.32705e-08		    0	2.32705e-08
      246.749	     0.8006		0   2.31081e-08		    0	2.31081e-08
       246.95	   0.800409		0   2.32764e-08		    0	2.32764e-08
       247.16	    0.80024		0   2.35239e-08	   1.8464e-12	2.35258e-08
      247.332	   0.800047		0   2.33704e-08	   1.8464e-12	2.33722e-08
      247.524	   0.799957		0   2.32695e-08	  2.00074e-12	2.32715e-08
      247.719	   0.799812		0   2.37182e-08	  3.37422e-12	2.37216e-08
      247.953	   0.799702		0   2.36909e-08	  5.04493e-12	2.36959e-08
      248.199	   0.799701		0    2.3446e-08	  5.51214e-12	2.34515e-08
      248.441	   0.799592		0    2.3431e-08	  9.64839e-12	2.34406e-08
      248.661	   0.799417		0   2.33768e-08	  1.29884e-11	2.33898e-08
      248.903	   0.799386		0   2.33615e-08	  1.31927e-11	2.33747e-08
      249.175	    0.79931		0   2.34059e-08	  1.31927e-11	2.34191e-08
      249.431	   0.799239		0    2.3506e-08	  1.31927e-11	2.35192e-08
      249.694	   0.799206		0   2.38027e-08	  1.31927e-11	2.38159e-08
      249.975	   0.799228		0   2.44598e-08	  1.51257e-11	2.44749e-08
      250.241	   0.799211		0   2.48089e-08	  2.28822e-11	2.48318e-08
      250.519	    0.79911		0   2.50886e-08	  2.71136e-11	2.51158e-08
      250.808	   0.799226		0   2.49536e-08	  4.35892e-11	2.49972e-08
      251.085	   0.799334		0   2.43747e-08	  4.98761e-11	2.44246e-08
      251.364	    0.79956		0   2.44274e-08	  5.86939e-11	2.44861e-08
      251.649	   0.799691		0   2.45335e-08	  6.38985e-11	2.45974e-08
      251.913	   0.799792		0   2.42253e-08	  6.81178e-11	2.42934e-08
      252.136	    0.79982		0   2.40956e-08	   7.7831e-11	2.41734e-08
      252.318	   0.799833		0   2.38472e-08	    8.544e-11	2.39326e-08
      252.518	   0.799786		0    2.3743e-08	  8.99735e-11	 2.3833e-08
      252.744	   0.799717		0   2.38189e-08	  9.66691e-11	2.39155e-08
      252.968	   0.799681		0   2.38216e-08	  1.23673e-10	2.39453e-08
      253.186	   0.799874		0   2.39142e-08	  1.35633e-10	2.40498e-08
      253.441	   0.800011		0   2.41368e-08	  1.43765e-10	2.42805e-08
      253.719	   0.800265		0   2.42621e-08	  1.61699e-10	2.44238e-08
	  254	   0.800516		0   2.43451e-08	  1.95627e-10	2.45407e-08
      254.235	   0.800488		0   2.41915e-08	  2.24064e-10	2.44155e-08
      254.428	   0.800427		0   2.40246e-08	  2.32115e-10	2.42567e-08
      254.668	   0.800526		0   2.41173e-08	  2.41005e-10	2.43583e-08
      254.895	   0.800559		0   2.41961e-08	  2.62936e-10	 2.4459e-08
      255.091	   0.800744		0   2.40511e-08	  2.99149e-10	2.43502e-08
      255.277	   0.800835		0   2.39475e-08	  3.37091e-10	2.42846e-08
      255.462	   0.800794		0   2.40259e-08	  3.46213e-10	2.43721e-08
      255.652	   0.800915		0    2.4402e-08	  3.60762e-10	2.47627e-08
      255.829	   0.801079		0   2.46359e-08	  3.78191e-10	 2.5014e-08
      256.022	   0.801202		0   2.48003e-08	  4.18343e-10	2.52186e-08
      256.227	   0.801298		0   2.50353e-08	  5.22508e-10	2.55578e-08
      256.408	   0.801526		0   2.55092e-08	  5.39727e-10	2.60489e-08
      256.567	   0.801774		0   2.58084e-08	  5.77004e-10	2.63854e-08
       256.72	   0.802001		0   2.55874e-08	  6.34092e-10	2.62215e-08
      256.896	   0.802307		0   2.59319e-08	  7.53839e-10	2.66858e-08
      257.059	   0.802506		0   2.58043e-08	   8.4449e-10	2.66488e-08
       257.22	   0.802565		0   2.57905e-08	  9.43416e-10	 2.6734e-08
      257.385	   0.802725		0   2.60638e-08	  1.05666e-09	2.71204e-08
       257.52	   0.802786		0   2.59599e-08	  1.13561e-09	2.70955e-08
      257.666	   0.803101		0   2.60144e-08	  1.21514e-09	2.72295e-08
      257.843	   0.803397		0   2.65183e-08	  1.36611e-09	2.78844e-08
      258.019	    0.80366		0   2.69327e-08	  1.56138e-09	2.84941e-08
      258.223	   0.804014		0   2.72567e-08	  1.78659e-09	2.90433e-08
      258.385	   0.804204		0   2.73368e-08	  1.99684e-09	2.93337e-08
      258.556	   0.804654		0   2.73443e-08	   2.2754e-09	2.96197e-08
      258.765	   0.805053		0   2.76665e-08	  2.48752e-09	 3.0154e-08
      258.951	   0.805477		0   2.76076e-08	  2.69831e-09	3.03059e-08
      259.102	   0.805746		0   2.74799e-08	  2.82832e-09	3.03082e-08
      259.261	    0.80605		0   2.75504e-08	  3.03876e-09	3.05891e-08
       259.41	   0.806347		0   2.75049e-08	  3.22524e-09	3.07301e-08
      259.581	   0.806776		0   2.74454e-08	  3.40493e-09	3.08503e-08
      259.724	   0.807078		0   2.73907e-08	   3.6123e-09	 3.1003e-08
      259.873	   0.807298		0   2.72057e-08	  3.84768e-09	3.10534e-08
      259.983	   0.807546		0   2.68633e-08	  4.04125e-09	3.09045e-08
      260.124	   0.807815		0   2.72955e-08	    4.226e-09	3.15215e-08
      260.284	   0.808189		0   2.80806e-08	  4.48942e-09	  3.257e-08
      260.432	   0.808358		0   2.81632e-08	  4.84358e-09	3.30068e-08
      260.571	   0.808566		0   2.80333e-08	  5.19835e-09	3.32317e-08
      260.721	   0.808735		0    2.7628e-08	  5.56384e-09	3.31919e-08
      260.825	   0.808841		0   2.72915e-08	  5.89469e-09	3.31862e-08
      260.931	   0.808922		0   2.67601e-08	  6.12531e-09	3.28855e-08
      261.084	   0.809086		0   2.64203e-08	  6.47682e-09	3.28971e-08
      261.266	   0.809308		0   2.65061e-08	  6.94474e-09	3.34509e-08
      261.441	    0.80959		0   2.66478e-08	  7.32283e-09	3.39706e-08
      261.565	   0.809611		0   2.61414e-08	  7.67615e-09	3.38175e-08
      261.684	   0.809838		0   2.63509e-08	   7.9809e-09	3.43318e-08
      261.779	   0.809898		0   2.64584e-08	  8.33003e-09	3.47884e-08
      261.883	   0.810023		0   2.62205e-08	  8.64489e-09	3.48654e-08
      262.026	   0.810199		0   2.64488e-08	  9.10828e-09	3.55571e-08
      262.152	   0.810164		0   2.63828e-08	   9.6894e-09	3.60722e-08
      262.265	   0.810275		0   2.60076e-08	  1.01197e-08	3.61273e-08
      262.394	   0.810471		0    2.5605e-08	  1.05354e-08	3.61404e-08
      262.506	   0.810584		0   2.55268e-08	  1.09681e-08	3.64949e-08
      262.652	   0.810959		0   2.52085e-08	  1.13094e-08	3.65179e-08
      262.765	   0.811085		0   2.52653e-08	  1.15311e-08	3.67964e-08
       262.81	   0.811123		0   2.47587e-08	  1.17902e-08	3.65489e-08
      262.895	   0.810939		0   2.45376e-08	   1.2195e-08	3.67326e-08
      263.018	   0.810888		0   2.44332e-08	  1.27862e-08	3.72194e-08
      263.113	    0.81077		0   2.41051e-08	  1.32544e-08	3.73596e-08
      263.215	   0.810744		0   2.40123e-08	  1.38125e-08	3.78249e-08
      263.325	   0.810729		0   2.41039e-08	  1.43906e-08	3.84945e-08
      263.463	   0.810753		0   2.44069e-08	  1.49269e-08	3.93338e-08
      263.582	   0.810693		0   2.43729e-08	   1.5502e-08	 3.9875e-08
      263.728	   0.810707		0   2.45491e-08	  1.60137e-08	4.05628e-08
      263.849	   0.810677		0   2.38025e-08	  1.64912e-08	4.02937e-08
      263.927	   0.810771		0   2.32685e-08	  1.68069e-08	4.00753e-08
      264.011	   0.810836		0    2.3423e-08	   1.7171e-08	 4.0594e-08
      264.104	    0.81064		0   2.33752e-08	  1.74998e-08	4.08749e-08
      264.203	   0.810705		0   2.36665e-08	  1.76572e-08	4.13237e-08
      264.302	   0.810798		0   2.39869e-08	  1.79741e-08	 4.1961e-08
      264.394	   0.811024		0   2.44739e-08	  1.82527e-08	4.27266e-08
      264.454	   0.811127		0    2.4597e-08	  1.84449e-08	4.30418e-08
      264.493	   0.811085		0    2.4409e-08	  1.84253e-08	4.28343e-08
      264.516	   0.811023		0   2.44842e-08	  1.85135e-08	4.29976e-08
      264.551	   0.811352		0   2.48738e-08	  1.83636e-08	4.32374e-08
      264.535	   0.811426		0   2.46062e-08	  1.83537e-08	4.29599e-08
       264.56	    0.81165		0    2.4625e-08	  1.82272e-08	4.28522e-08
      264.571	   0.811814		0   2.45951e-08	  1.82771e-08	4.28722e-08
      264.561	   0.811789		0   2.44599e-08	   1.8158e-08	4.26179e-08
      264.553	   0.811993		0   2.47005e-08	  1.78429e-08	4.25434e-08
      264.532	   0.811829		0    2.4482e-08	  1.76789e-08	4.21609e-08
      264.495	   0.811613		0   2.45535e-08	  1.74588e-08	4.20123e-08
      264.479	   0.811673		0   2.45264e-08	   1.7179e-08	4.17053e-08
      264.432	   0.811701		0   2.49307e-08	  1.69448e-08	4.18756e-08
      264.399	   0.811917		0   2.51341e-08	  1.67105e-08	4.18446e-08
      264.401	   0.812263		0   2.54288e-08	  1.64293e-08	4.18581e-08
      264.349	   0.812671		0    2.5686e-08	  1.59763e-08	4.16623e-08
      264.261	   0.812981		0   2.58362e-08	  1.53927e-08	4.12288e-08
      264.187	   0.813245		0   2.62646e-08	  1.48787e-08	4.11433e-08
      264.096	   0.813387		0   2.69511e-08	   1.4398e-08	4.13491e-08
      263.981	   0.813475		0   2.70707e-08	  1.39038e-08	4.09745e-08
       263.88	    0.81363		0   2.67157e-08	  1.34597e-08	4.01754e-08
       263.74	   0.813946		0    2.6526e-08	  1.28472e-08	3.93732e-08
      263.582	    0.81423		0   2.64204e-08	  1.22812e-08	3.87016e-08
      263.437	   0.814475		0   2.66352e-08	  1.17838e-08	 3.8419e-08
      263.277	   0.814562		0   2.64182e-08	  1.13037e-08	3.77219e-08
      263.107	   0.814874		0    2.6288e-08	  1.06782e-08	3.69662e-08
      262.961	   0.815282		0   2.61736e-08	  1.00654e-08	 3.6239e-08
      262.793	   0.815575		0   2.60087e-08	  9.61134e-09	3.56201e-08
      262.632	   0.815817		0   2.60671e-08	  8.97991e-09	 3.5047e-08
      262.441	   0.816061		0   2.62255e-08	  8.40681e-09	3.46323e-08
       262.29	   0.816304		0   2.63883e-08	  7.88937e-09	3.42776e-08
      262.119	    0.81656		0   2.64537e-08	   7.4376e-09	3.38913e-08
      261.926	   0.816699		0   2.61625e-08	   6.9408e-09	3.31033e-08
      261.764	   0.816773		0   2.63076e-08	  6.63522e-09	3.29428e-08
       261.63	   0.817056		0   2.65161e-08	  6.29842e-09	3.28145e-08
      261.437	   0.817203		0   2.67131e-08	  6.04356e-09	3.27567e-08
      261.248	   0.817282		0   2.70146e-08	  5.66215e-09	3.26768e-08
      261.051	   0.817592		0   2.71796e-08	  5.26922e-09	3.24488e-08
      260.823	   0.817548		0   2.72334e-08	  4.95034e-09	3.21837e-08
      260.585	   0.817773		0   2.76112e-08	  4.54414e-09	3.21554e-08
      260.352	   0.817919		0   2.78747e-08	  4.16675e-09	3.20414e-08
      260.129	   0.817789		0   2.79001e-08	    3.836e-09	3.17361e-08
      259.943	   0.817856		0   2.81048e-08	  3.56817e-09	 3.1673e-08
       259.77	   0.817676		0   2.82364e-08	  3.31063e-09	3.15471e-08
      259.546	     0.8175		0   2.85708e-08	  3.09596e-09	3.16667e-08
      259.349	   0.817415		0   2.89001e-08	  2.92708e-09	3.18271e-08
      259.165	   0.817301		0    2.9431e-08	  2.78484e-09	3.22159e-08
      258.957	   0.816998		0    2.9417e-08	  2.63147e-09	3.20485e-08
      258.727	   0.816815		0    2.8923e-08	  2.33853e-09	3.12615e-08
      258.546	   0.816788		0   2.94122e-08	  2.04659e-09	3.14587e-08
      258.344	   0.816797		0   3.02089e-08	  1.73707e-09	3.19459e-08
      258.217	   0.816809		0   3.10789e-08	   1.5302e-09	3.26091e-08
      258.067	   0.816746		0   3.16576e-08	  1.36885e-09	3.30265e-08
      257.884	   0.816531		0   3.24838e-08	  1.16649e-09	3.36503e-08
      257.691	   0.816327		0   3.29487e-08	   1.0279e-09	3.39766e-08
      257.497	   0.816115		0   3.30923e-08	  9.25509e-10	3.40178e-08
      257.279	   0.815937		0   3.33301e-08	  8.42835e-10	 3.4173e-08
      257.016	   0.815671		0   3.35301e-08	  7.53168e-10	3.42833e-08
      256.738	   0.815414		0   3.35789e-08	  6.96496e-10	3.42754e-08
      256.488	   0.815034		0   3.35222e-08	  6.56241e-10	3.41785e-08
      256.189	   0.814581		0   3.35895e-08	  6.12762e-10	3.42022e-08
      255.938	   0.814275		0   3.37977e-08	  5.78882e-10	3.43766e-08
      255.755	   0.814009		0   3.45465e-08	  5.50451e-10	3.50969e-08
      255.526	     0.8136		0   3.45163e-08	  5.25062e-10	3.50414e-08
       255.33	   0.813247		0   3.46497e-08	  4.72177e-10	3.51219e-08
      255.119	   0.812906		0   3.42889e-08	  3.88992e-10	3.46779e-08
      254.859	   0.812622		0   3.41593e-08	  2.86104e-10	3.44454e-08
      254.621	   0.812174		0   3.43394e-08	  2.54669e-10	3.45941e-08
      254.454	   0.811995		0   3.45322e-08	  2.28518e-10	3.47608e-08
      254.266	   0.811802		0   3.45531e-08	  2.13264e-10	3.47663e-08
      254.023	   0.811575		0   3.45067e-08	  1.90058e-10	3.46967e-08
      253.781	   0.811465		0   3.49372e-08	  1.35094e-10	3.50723e-08
       253.49	   0.811106		0   3.48031e-08	  8.09913e-11	3.48841e-08
      253.198	   0.810882		0   3.44192e-08	  6.59496e-11	3.44851e-08
      252.952	   0.810624		0   3.45821e-08	   6.3548e-11	3.46456e-08
      252.727	   0.810304		0   3.47546e-08	  5.78429e-11	3.48124e-08
      252.531	   0.810089		0   3.47033e-08	  5.44296e-11	3.47578e-08
      252.298	   0.810092		0   3.50069e-08	  2.51254e-11	 3.5032e-08
      252.096	   0.810031		0   3.52302e-08	  2.02521e-11	3.52504e-08
      251.863	   0.809911		0   3.50074e-08	  2.02521e-11	3.50277e-08
      251.637	   0.809767		0    3.4571e-08	  2.02521e-11	3.45912e-08
      251.343	    0.80945		0   3.38449e-08	  2.02521e-11	3.38651e-08
      251.016	   0.809144		0   3.32057e-08	  2.02521e-11	3.32259e-08
      250.741	   0.809027		0   3.24503e-08	  2.02411e-11	3.24705e-08
      250.531	   0.808908		0    3.2201e-08	  2.02411e-11	3.22212e-08
      250.299	   0.808869		0    3.1927e-08	  2.02411e-11	3.19473e-08
      250.104	   0.808764		0   3.17895e-08	  1.34582e-11	3.18029e-08
      249.974	   0.808668		0   3.20016e-08	  1.34582e-11	3.20151e-08
      249.845	   0.808699		0   3.25258e-08	  1.34582e-11	3.25393e-08
      249.699	   0.808731		0   3.26204e-08	  1.34582e-11	3.26339e-08
      249.544	   0.808777		0      3.22e-08	  1.34582e-11	3.22134e-08
      249.291	   0.808757		0   3.14298e-08	  1.34582e-11	3.14433e-08
      248.992	   0.808694		0   3.08397e-08	  1.34582e-11	3.08532e-08
      248.736	   0.808682		0   3.03109e-08	  1.34582e-11	3.03243e-08
       248.53	   0.808605		0   3.00606e-08	  1.34582e-11	3.00741e-08
      248.393	   0.808615		0   3.03631e-08	  1.34582e-11	3.03766e-08
      248.211	    0.80858		0   3.01819e-08	  1.34582e-11	3.01953e-08
      248.035	   0.808653		0   2.98773e-08	  5.69158e-12	 2.9883e-08
       247.82	   0.808636		0   2.93285e-08		    0	2.93285e-08
      247.581	   0.808572		0   2.93279e-08		    0	2.93279e-08
      247.375	   0.808681		0   2.92164e-08		    0	2.92164e-08
      247.151	   0.808705		0   2.88935e-08		    0	2.88935e-08
      246.939	   0.808843		0   2.91059e-08		    0	2.91059e-08
      246.789	   0.808814		0   2.99355e-08		    0	2.99355e-08
      246.623	   0.808892		0   2.99106e-08		    0	2.99106e-08
      246.411	   0.808928		0    2.9643e-08		    0	 2.9643e-08
      246.207	   0.808982		0   2.94236e-08		    0	2.94236e-08
      246.079	    0.80894		0   2.91865e-08		    0	2.91865e-08
      245.923	   0.809042		0   2.91661e-08		    0	2.91661e-08
      245.763	   0.809119		0   2.93967e-08		    0	2.93967e-08
      245.651	   0.809246		0   2.95401e-08		    0	2.95401e-08
      245.512	   0.809258		0   3.01016e-08		    0	3.01016e-08
       245.37	   0.809337		0   3.00565e-08		    0	3.00565e-08
      245.165	   0.809424		0   2.97653e-08		    0	2.97653e-08
      244.998	   0.809411		0   2.96814e-08		    0	2.96814e-08
      244.896	   0.809438		0   2.99695e-08		    0	2.99695e-08
      244.763	   0.809533		0   3.00594e-08		    0	3.00594e-08
       244.57	   0.809615		0   2.99858e-08		    0	2.99858e-08
      244.386	   0.809646		0   2.93449e-08		    0	2.93449e-08
      244.258	    0.80966		0    2.9444e-08		    0	 2.9444e-08
      244.169	   0.809725		0   3.01329e-08		    0	3.01329e-08
      244.197	   0.809797		0   3.06178e-08		    0	3.06178e-08
      244.196	   0.809871		0   3.04749e-08		    0	3.04749e-08
      244.166	   0.809853		0   3.10143e-08		    0	3.10143e-08
      244.053	   0.809837		0   3.15225e-08		    0	3.15225e-08
      243.859	   0.809921		0   3.13256e-08		    0	3.13256e-08
      243.731	   0.810008		0   3.19948e-08		    0	3.19948e-08
      243.589	     0.8101		0    3.2384e-08		    0	 3.2384e-08
      243.449	   0.810171		0   3.28139e-08		    0	3.28139e-08
      243.373	   0.810164		0   3.27923e-08		    0	3.27923e-08
      243.335	   0.810094		0   3.31677e-08		    0	3.31677e-08
       243.27	   0.810071		0   3.32668e-08		    0	3.32668e-08
      243.238	   0.810049		0   3.31348e-08		    0	3.31348e-08
      243.141	   0.809994		0   3.27721e-08		    0	3.27721e-08
      243.012	   0.810024		0   3.26224e-08		    0	3.26224e-08
      242.966	   0.809957		0   3.30445e-08		    0	3.30445e-08
      242.892	   0.809923		0     3.311e-08		    0	  3.311e-08
      242.794	   0.809924		0   3.33209e-08		    0	3.33209e-08
      242.726	   0.809861		0   3.39912e-08		    0	3.39912e-08
      242.656	   0.809795		0    3.3859e-08		    0	 3.3859e-08
      242.532	   0.809724		0   3.39807e-08		    0	3.39807e-08
      242.465	   0.809743		0   3.43368e-08		    0	3.43368e-08
      242.417	   0.809723		0    3.4927e-08		    0	 3.4927e-08
      242.386	   0.809676		0   3.52901e-08		    0	3.52901e-08
      242.314	   0.809699		0    3.5327e-08		    0	 3.5327e-08
       242.23	   0.809634		0   3.52097e-08		    0	3.52097e-08
      242.148	   0.809645		0   3.51324e-08		    0	3.51324e-08
      242.133	   0.809587		0   3.48267e-08		    0	3.48267e-08
      242.146	   0.809607		0   3.50617e-08		    0	3.50617e-08
      242.078	   0.809621		0   3.46137e-08		    0	3.46137e-08
      241.952	   0.809606		0   3.39493e-08		    0	3.39493e-08
      241.741	   0.809643		0   3.37564e-08		    0	3.37564e-08
      241.562	   0.809592		0   3.35408e-08		    0	3.35408e-08
      241.398	   0.809681		0   3.28203e-08		    0	3.28203e-08
      241.283	   0.809774		0   3.24981e-08		    0	3.24981e-08
      241.245	   0.809718		0   3.30071e-08		    0	3.30071e-08
      241.235	   0.809752		0   3.25956e-08		    0	3.25956e-08
      241.185	    0.80981		0   3.22596e-08		    0	3.22596e-08
      241.168	    0.80975		0   3.20416e-08		    0	3.20416e-08
      241.139	   0.809846		0   3.21755e-08		    0	3.21755e-08
      241.149	   0.810022		0   3.20625e-08		    0	3.20625e-08
      241.091	   0.810125		0   3.18827e-08		    0	3.18827e-08
      241.014	   0.810257		0    3.2081e-08		    0	 3.2081e-08
      240.945	   0.810372		0   3.20057e-08		    0	3.20057e-08
      240.941	   0.810314		0   3.20576e-08		    0	3.20576e-08
      240.925	   0.810369		0   3.21164e-08		    0	3.21164e-08
      240.939	   0.810325		0   3.19605e-08		    0	3.19605e-08
      240.942	   0.810521		0   3.15729e-08		    0	3.15729e-08
       240.89	   0.810664		0   3.09246e-08		    0	3.09246e-08
      240.811	    0.81078		0    3.0516e-08		    0	 3.0516e-08
      240.723	   0.810836		0   2.99937e-08		    0	2.99937e-08
      240.614	   0.810862		0   2.92988e-08		    0	2.92988e-08
      240.589	   0.810807		0   2.89992e-08		    0	2.89992e-08
      240.593	   0.810817		0   2.90179e-08		    0	2.90179e-08
      240.528	   0.810894		0   2.93367e-08		    0	2.93367e-08
