  3.55946e-08	9.93231e-10	  88850.9	207.464	     0.513833	    7.94779	  1.19858	258.293	  0.000938634
  3.59388e-08	1.01592e-09	  88823.4	207.715	     0.581439	    7.90563	  1.19834	258.264	  0.000942298
  3.59109e-08	 1.0169e-09	  88799.5	207.746	       0.6611	    7.89387	  1.19822	258.222	  0.000941105
  3.56922e-08	 9.8506e-10	  88781.2	 207.29	     0.753801	    7.91576	  1.19825	258.162	  0.000935331
  3.58368e-08	9.85418e-10	    88770	207.478	     0.844096	    7.90704	  1.19806	258.169	   0.00093503
  3.64821e-08	1.00393e-09	  88758.9	208.188	     0.944293	    7.88654	  1.19775	258.204	  0.000939549
  3.69562e-08	9.79206e-10	  88750.3	208.959	      1.05885	    7.87288	   1.1974	258.255	   0.00094507
  3.71982e-08	 9.8838e-10	  88744.6	209.644	      1.17036	    7.85938	  1.19696	258.332	  0.000951864
  3.79767e-08	1.03491e-09	  88741.5	210.644	      1.30201	    7.83563	  1.19651	258.422	  0.000963908
   3.8226e-08	1.06562e-09	  88745.5	 211.24	      1.45399	    7.81089	   1.1963	258.479	  0.000969251
  3.80117e-08	1.07979e-09	  88757.3	211.558	       1.6261	    7.78543	  1.19626	258.522	  0.000970833
   3.8045e-08	1.08263e-09	  88767.2	211.681	      1.81567	    7.75667	  1.19628	258.546	  0.000972209
   3.7931e-08	1.08452e-09	  88771.6	211.756	      2.03717	    7.75503	  1.19625	258.565	  0.000972211
  3.82718e-08	1.09919e-09	  88769.9	211.851	      2.25902	    7.75121	  1.19622	258.566	  0.000974144
  3.76061e-08	1.08585e-09	  88775.4	211.225	      2.52371	    7.79417	  1.19658	258.505	  0.000966295
  3.82442e-08	 1.0782e-09	  88774.3	211.644	       2.7479	    7.76925	  1.19654	258.509	   0.00096919
  3.90799e-08	1.10013e-09	  88760.2	212.135	      2.99881	    7.74653	  1.19623	258.537	  0.000975814
  3.93636e-08	1.12024e-09	  88741.6	212.519	      3.30472	    7.71089	   1.1959	258.554	  0.000979922
  3.90613e-08	1.10192e-09	  88733.3	212.101	      3.66154	    7.71182	  1.19603	258.501	  0.000974011
  3.90712e-08	1.07481e-09	    88735	211.521	      4.03139	    7.72789	   1.1965	258.405	  0.000963557
  3.86326e-08	1.06154e-09	  88744.1	210.938	      4.42041	    7.75318	  1.19698	258.328	  0.000954652
  3.80276e-08	1.01654e-09	  88755.1	210.706	      4.80252	    7.79594	  1.19731	258.288	  0.000948551
   3.7662e-08	 1.0189e-09	  88767.1	210.762	      5.20416	     7.7958	  1.19754	258.273	   0.00094499
   3.7788e-08	9.99033e-10	  88772.3	210.945	      5.65675	    7.80245	  1.19748	258.302	  0.000945341
  3.76901e-08	9.81625e-10	  88772.8	211.059	      6.12853	    7.82521	  1.19735	258.332	  0.000944676
  3.71043e-08	9.58823e-10	  88769.4	210.934	      6.65473	    7.83144	  1.19725	258.343	  0.000940318
   3.6956e-08	9.44434e-10	  88761.1	210.954	      7.20264	    7.85567	  1.19707	258.358	  0.000937817
  3.62763e-08	9.35468e-10	  88764.7	211.025	      7.78788	    7.85067	   1.1971	258.361	  0.000935337
  3.57547e-08	9.33143e-10	  88764.1	211.252	      8.38909	    7.84407	  1.19699	258.383	  0.000934537
  3.56997e-08	9.37327e-10	  88768.6	211.329		 9.08	    7.85226	  1.19694	258.407	  0.000936101
   3.6021e-08	9.50682e-10	  88778.1	211.662	      9.73261	    7.86782	  1.19683	258.459	   0.00093795
  3.66064e-08	9.63803e-10	  88785.4	 212.17	      10.3957	    7.86452	  1.19648	258.556	   0.00094341
  3.71552e-08	9.87253e-10	  88784.7	212.745	      11.0912	    7.84921	  1.19601	258.654	  0.000950039
   3.7421e-08	9.88448e-10	  88788.2	213.243	      11.8735	    7.85251	   1.1957	258.733	  0.000955833
  3.76408e-08	9.97853e-10	  88792.5	213.281	      12.6961	    7.83699	   1.1956	258.767	  0.000958469
  3.73274e-08	1.00995e-09	  88800.8	213.168	      13.5306	    7.79687	  1.19564	258.782	  0.000958047
  3.67584e-08	1.02992e-09	  88810.9	212.794	      14.4725	    7.77517	  1.19588	258.759	  0.000955051
  3.63502e-08	1.02634e-09	  88821.3	 212.22	      15.5199	    7.75847	  1.19625	258.709	  0.000951851
  3.66326e-08	9.99035e-10	  88827.9	211.824	      16.4964	    7.74441	   1.1966	258.655	  0.000945566
  3.67684e-08	9.79268e-10	  88834.3	211.759	      17.4907	    7.71279	  1.19682	258.625	  0.000943588
  3.67972e-08	9.61093e-10	    88836	211.931	      18.5145	    7.67491	  1.19687	258.618	  0.000944229
  3.65167e-08	 9.7003e-10	  88837.8	211.795	      19.6799	     7.6659	  1.19698	258.599	  0.000942437
  3.63522e-08	9.65225e-10	  88846.5	 211.57	       20.948	    7.66248	  1.19719	258.579	  0.000938942
  3.64348e-08	 9.6748e-10	  88851.7	211.562	      22.1805	    7.66047	  1.19712	 258.61	  0.000938695
  3.66577e-08	9.73027e-10	  88851.6	211.751	      23.4304	    7.65312	  1.19699	258.639	  0.000942604
  3.62288e-08	9.84895e-10	  88854.9	211.436	      24.6481	    7.68202	  1.19708	258.628	  0.000939735
  3.57169e-08	9.84058e-10	  88861.9	210.907	      26.0918	    7.71722	  1.19729	258.603	  0.000935006
  3.54018e-08	9.67282e-10	  88874.5	210.493	      27.5731	    7.73354	  1.19755	258.584	  0.000932031
  3.51313e-08	9.86464e-10	  88881.9	210.802	      28.9654	    7.69204	  1.19753	258.609	  0.000936229
  3.50747e-08	9.94547e-10	  88880.1	 211.05	      30.3955	    7.67107	  1.19735	258.643	  0.000940631
  3.51386e-08	9.87382e-10	  88877.2	211.131	      31.9124	    7.64821	  1.19719	 258.67	  0.000945207
  3.51039e-08	1.00921e-09	  88874.7	210.845	       33.548	    7.61259	  1.19722	258.655	  0.000945529
  3.49523e-08	9.81251e-10	  88870.1	210.537	      35.1517	    7.62018	  1.19714	258.659	  0.000945138
  3.54138e-08	9.82298e-10	    88870	210.646	       36.589	     7.5808	  1.19711	258.666	  0.000948552
  3.53274e-08	 1.0227e-09	  88876.9	 210.82	      38.1196	    7.53597	  1.19714	 258.68	  0.000953308
  3.57871e-08	1.05614e-09	  88887.1	210.927	      39.8343	    7.49822	  1.19718	258.701	  0.000958026
  3.54716e-08	 1.0578e-09	  88905.3	210.864	      41.6741	    7.45443	  1.19739	258.709	  0.000960738
  3.57896e-08	1.06811e-09	    88917	210.944	      43.3927	    7.44218	  1.19737	258.746	  0.000964515
  3.58255e-08	1.07188e-09	  88930.4	 211.13	      45.1475	    7.41622	  1.19743	258.773	  0.000965643
  3.67248e-08	1.08496e-09	  88944.3	211.425	      47.4376	    7.38418	  1.19739	258.822	  0.000970476
  3.59564e-08	1.07831e-09	  88959.7	211.152	      49.5784	    7.38835	   1.1975	258.842	  0.000969199
  3.58235e-08	1.06863e-09	  88983.2	211.147	      51.4734	    7.38199	   1.1977	258.869	   0.00096998
  3.57219e-08	1.05382e-09	  89006.3	210.972	      53.6038	    7.35489	  1.19789	258.894	  0.000971574
   3.5635e-08	1.06901e-09	  89026.3	210.853	      55.7479	    7.32252	  1.19805	258.919	  0.000973951
  3.53781e-08	1.05428e-09	  89040.5	210.747	      57.9337	    7.30743	  1.19815	258.937	  0.000974914
  3.58846e-08	 1.0642e-09	  89047.1	210.621	      60.1924	    7.32062	  1.19815	258.956	  0.000978922
   3.6157e-08	 1.0293e-09	    89057	210.611	      62.4553	     7.3127	  1.19812	258.991	  0.000981244
  3.59495e-08	1.00002e-09	  89067.4	210.729	      64.7777	    7.28819	  1.19807	259.034	  0.000982675
  3.54249e-08	9.95395e-10	  89073.1	210.563	       67.304	    7.25979	    1.198	259.064	  0.000985544
  3.49096e-08	9.78731e-10	    89081	210.057	      70.0787	    7.22572	  1.19808	259.069	  0.000984555
  3.45655e-08	9.41745e-10	  89089.7	209.569	      72.8924	    7.22775	  1.19813	259.084	  0.000983125
  3.46361e-08	9.27962e-10	  89096.9	209.766	      75.3939	    7.19236	  1.19796	259.141	  0.000987089
  3.45766e-08	9.16925e-10	  89106.4	210.118	      77.8237	    7.14408	  1.19778	259.209	  0.000995096
    3.459e-08	9.12033e-10	  89119.6	210.272	      80.3417	    7.08955	  1.19769	259.266	  0.000999164
  3.41405e-08	8.88623e-10	  89137.7	210.011	      83.2374	    7.04203	  1.19773	259.311	   0.00100063
  3.33556e-08	 8.5518e-10	    89165	209.863	      86.1376	    6.97683	  1.19779	259.377	   0.00100168
  3.27907e-08	8.42545e-10	  89194.4	210.091	      88.8548	    6.93181	  1.19768	259.487	   0.00100383
  3.28277e-08	8.34478e-10	  89215.9	210.514	      91.5582	    6.90002	  1.19732	259.627	   0.00101076
  3.24829e-08	8.13319e-10	  89235.8	210.564	      94.5255	    6.94066	  1.19694	259.767	   0.00101527
  3.27812e-08	8.54436e-10	  89261.2	210.755	      97.3472	    6.92116	  1.19659	259.918	   0.00102402
  3.26816e-08	8.45954e-10	  89291.9	211.087	      100.315	    6.86176	  1.19635	260.059	   0.00103089
  3.26242e-08	8.52374e-10	  89322.6	211.464	      103.174	    6.82897	  1.19612	260.198	   0.00103966
  3.26403e-08	8.23535e-10	  89346.2	211.761	       106.12	    6.78851	  1.19588	 260.32	   0.00104773
   3.2287e-08	8.06261e-10	    89363	211.631	      109.445	     6.7698	  1.19563	260.423	    0.0010514
  3.16848e-08	7.40942e-10	  89380.5	211.418	      112.809	    6.73719	  1.19546	260.511	   0.00105477
  3.11212e-08	7.19752e-10	  89401.2	211.437	      116.103	    6.69756	  1.19524	 260.62	   0.00105857
  3.08513e-08	 7.1961e-10	  89413.3	 211.68	      119.313	    6.67506	  1.19475	 260.76	   0.00106713
   3.0578e-08	7.24635e-10	  89422.1	211.946	      122.403	    6.64524	  1.19425	260.896	   0.00107858
   2.9888e-08	7.05501e-10	  89435.7	211.944	       125.81	    6.60813	  1.19391	 261.01	   0.00108677
  2.94839e-08	6.95548e-10	  89452.8	212.279	      128.693	    6.58682	   1.1935	 261.15	   0.00109466
  2.94949e-08	6.98458e-10	  89467.7	212.574	      131.895	    6.55055	  1.19308	261.285	   0.00110469
  2.91581e-08	7.01606e-10	  89482.8	212.511	      135.224	    6.53767	  1.19273	261.405	   0.00111265
  2.89935e-08	7.42975e-10	  89503.6	212.851	      138.309	    6.51387	  1.19239	261.541	   0.00112518
  2.90018e-08	7.86164e-10	  89527.7	213.192	      141.358	     6.4733	  1.19206	261.684	    0.0011377
  2.90147e-08	8.13387e-10	  89553.8	213.759	      144.704	    6.41775	   1.1916	261.862	   0.00115437
  2.84111e-08	7.90946e-10	  89578.4	213.844		148.5	    6.35109	  1.19117	262.027	   0.00116403
  2.79383e-08	8.02575e-10	  89599.5	214.222	       151.96	    6.29021	  1.19064	262.205	   0.00117674
  2.79287e-08	8.27113e-10	  89619.7	214.839	      155.124	    6.22231	  1.19004	262.398	   0.00119424
  2.78193e-08	 8.4964e-10	  89637.5	215.699	      158.044	    6.17279	  1.18927	262.619	   0.00121477
  2.79288e-08	8.66198e-10	  89653.1	216.547	       161.06	    6.12948	  1.18849	262.839	   0.00123673
  2.77659e-08	8.96106e-10	  89670.2	217.235	      164.383	    6.08604	  1.18779	263.044	   0.00125676
  2.75606e-08	9.35119e-10	  89690.6	217.705	      167.708	    6.04479	  1.18719	263.236	   0.00127386
  2.77797e-08	9.69038e-10	  89710.6	    218	      171.085	    6.01064	  1.18659	263.427	    0.0012893
  2.79538e-08	1.02055e-09	  89729.6	218.415	      174.404	    5.97925	  1.18601	263.613	   0.00130614
  2.79255e-08	1.05847e-09	    89751	219.005	      177.622	     5.9461	  1.18544	263.802	   0.00132416
  2.78243e-08	1.07192e-09	    89767	219.403	      181.277	    5.90305	  1.18482	263.987	   0.00134352
  2.80591e-08	1.07956e-09	  89779.3	219.841	      184.684	     5.8835	  1.18422	264.157	   0.00136165
  2.84035e-08	1.08398e-09	  89793.6	220.551	      187.727	    5.83627	  1.18367	264.322	   0.00138168
  2.89532e-08	1.13175e-09	  89806.6	 221.48	      190.361	    5.72942	  1.18306	264.497	   0.00140624
   2.8983e-08	1.13754e-09	  89816.1	 222.13	      193.552	    5.66442	  1.18242	264.667	   0.00142926
  2.88566e-08	1.15127e-09	  89824.6	222.535	      196.938	    5.63395	  1.18179	264.834	   0.00144908
  2.85408e-08	1.15362e-09	  89836.6	222.758	      200.562	    5.59056	  1.18123	264.994	   0.00146621
  2.85353e-08	1.18454e-09	  89854.5	223.167	      204.019	    5.53759	  1.18076	265.154	    0.0014848
  2.84984e-08	1.24795e-09	  89880.7	 223.68	       207.14	    5.47346	  1.18036	 265.32	   0.00150566
  2.85349e-08	1.28467e-09	  89905.6	224.112	      210.379	    5.43782	   1.1799	265.496	   0.00152479
  2.87403e-08	1.34441e-09	  89929.2	224.579	      213.633	    5.40368	  1.17939	265.681	   0.00154575
  2.86546e-08	1.37643e-09	  89956.7	225.259	      216.457	    5.38557	  1.17887	265.879	   0.00156754
  2.83035e-08	1.42387e-09	  89986.1	225.653	      219.736	    5.37543	  1.17834	266.087	   0.00158747
  2.88218e-08	1.43673e-09	  90011.9	226.291	      222.466	    5.33865	  1.17771	266.305	   0.00161164
  2.86756e-08	 1.4438e-09	  90030.9	226.622	      226.101	    5.27856	  1.17711	266.497	   0.00163251
  2.83347e-08	1.44079e-09	  90042.3	226.977	      229.689	    5.22997	  1.17637	266.699	   0.00165171
  2.74375e-08	1.41133e-09	    90054	227.354	      233.289	    5.16576	  1.17569	266.887	   0.00166745
  2.69486e-08	1.40093e-09	  90062.5	 227.74	      236.268	    5.11267	  1.17507	267.053	    0.0016865
  2.69122e-08	1.36679e-09	  90068.9	228.289	      239.246	    5.05815	  1.17445	267.213	   0.00170751
    2.757e-08	1.35382e-09	  90074.9	228.834	       241.81	    5.00946	   1.1739	267.356	   0.00172621
  2.74114e-08	1.39205e-09	  90083.1	229.673	      244.347	    4.94972	  1.17326	267.527	    0.0017476
  2.75463e-08	1.42319e-09	  90089.5	    230	      247.376	     4.9262	  1.17263	267.689	   0.00176733
  2.75562e-08	1.48347e-09	  90098.1	230.193	      250.435	    4.91457	  1.17204	 267.85	   0.00178722
    2.744e-08	1.50952e-09	  90113.2	  230.2	      253.723	    4.90559	  1.17164	267.985	   0.00180166
  2.76236e-08	1.61136e-09	    90127	230.465	      256.423	    4.90036	  1.17116	268.136	   0.00181812
  2.76194e-08	1.65519e-09	  90140.4	 231.04	      258.921	    4.87628	  1.17059	268.307	   0.00183718
  2.74295e-08	1.65669e-09	  90153.8	231.678	       261.52	    4.83956	  1.16998	268.488	   0.00186244
  2.70087e-08	1.65226e-09	  90161.6	232.337	      264.171	    4.80141	   1.1693	268.667	   0.00188905
  2.64255e-08	 1.6777e-09	  90168.9	 232.99	       266.66	    4.74336	  1.16863	268.842	   0.00191422
  2.63141e-08	1.70012e-09	  90173.2	233.544	      269.219	    4.71112	  1.16794	269.015	   0.00193843
  2.60873e-08	1.69073e-09	  90180.6	234.189	      271.565	     4.6817	  1.16729	269.186	   0.00195917
  2.59478e-08	1.72325e-09	  90186.6	234.664	      274.024	    4.62885	  1.16661	269.361	   0.00198246
  2.56778e-08	1.88418e-09	  90192.4	234.866	      276.611	    4.60248	  1.16597	269.526	   0.00200171
  2.53921e-08	2.01872e-09	  90199.8	235.117	      279.438	    4.58426	  1.16534	269.693	   0.00202159
  2.47749e-08	2.13846e-09	  90206.6	235.647	      281.444	    4.54883	  1.16476	269.848	   0.00203928
  2.47679e-08	2.21518e-09	  90208.5	236.515	      282.945	     4.5492	  1.16401	270.027	   0.00206868
  2.46677e-08	2.41636e-09	  90208.5	237.586	      284.137	    4.51503	  1.16326	270.202	   0.00210109
  2.40562e-08	2.60168e-09	  90210.8	238.158	      286.189	    4.48612	  1.16257	 270.37	   0.00212995
  2.35181e-08	2.87892e-09	  90213.9	238.568	      288.493	    4.46195	  1.16187	270.542	   0.00215309
  2.30397e-08	 3.1663e-09	  90216.5	 239.27	      290.436	     4.4393	   1.1611	270.729	   0.00217512
   2.2464e-08	3.47042e-09	  90213.9	239.936	       292.19	    4.42931	  1.16032	270.904	   0.00220102
  2.20383e-08	3.60435e-09	  90210.4	240.177	      294.629	    4.38316	  1.15963	271.054	   0.00222435
  2.22308e-08	3.65687e-09	    90206	240.718	      296.141	    4.34014	  1.15904	271.179	   0.00224702
  2.14723e-08	 3.7826e-09	    90198	241.178	      298.072	     4.3182	  1.15839	271.307	   0.00227022
  2.12319e-08	3.78826e-09	  90189.6	241.772	       299.53	     4.3044	  1.15769	271.446	   0.00229552
  2.12001e-08	 3.8577e-09	  90181.5	242.484	      300.547	    4.26632	  1.15709	271.562	   0.00232088
  2.14458e-08	3.90003e-09	  90168.4	243.064	      301.676	    4.25912	  1.15639	271.687	   0.00234435
  2.16497e-08	3.90092e-09	  90158.2	243.573	      303.129	    4.23708	  1.15569	 271.82	   0.00236393
  2.10363e-08	3.96381e-09	  90148.7	243.952	      304.597	    4.24381	  1.15494	271.968	   0.00238211
  1.98939e-08	4.05538e-09	  90145.1	244.427	      305.995	    4.22886	  1.15426	272.117	   0.00240861
  1.98147e-08	4.16633e-09	  90140.5	244.866	      307.284	    4.22057	  1.15363	272.253	   0.00243731
   1.9341e-08	4.29821e-09	  90138.5	 245.32	      308.527	    4.19313	  1.15307	272.377	   0.00246227
  1.88096e-08	4.32416e-09	  90133.8	245.667	      309.962	    4.19184	   1.1525	  272.5	   0.00248113
  1.83932e-08	4.35572e-09	  90127.3	 246.04	      311.047	    4.19092	  1.15183	272.637	   0.00249956
  1.78584e-08	4.44841e-09	  90120.3	246.409	      312.381	    4.17392	   1.1512	272.765	   0.00251927
  1.74559e-08	4.64232e-09	  90113.5	 246.72		313.5	    4.15682	  1.15061	272.885	   0.00254358
   1.7067e-08	4.82507e-09	  90107.9	247.053	      314.286	    4.15925	  1.15008	272.994	   0.00256177
   1.7031e-08	4.99438e-09	  90103.3	247.575	      314.739	    4.15099	  1.14957	273.101	   0.00258447
  1.67423e-08	5.22967e-09	    90100	247.923	      315.551	     4.1734	  1.14909	273.206	   0.00260663
  1.64464e-08	5.24979e-09	  90097.2	 248.15	      316.252	    4.17183	  1.14858	273.318	   0.00262301
  1.63787e-08	5.45229e-09	  90091.9	 248.58	      316.572	    4.19255	  1.14803	273.432	   0.00264402
  1.61608e-08	5.96562e-09	  90087.1	249.125	       316.54	    4.24188	  1.14751	273.543	   0.00266692
  1.58493e-08	6.09638e-09	  90086.7	249.764	      316.704	     4.2591	  1.14705	273.652	    0.0026904
  1.52781e-08	6.16232e-09	  90088.9	250.417	      316.856	    4.26002	  1.14663	273.758	   0.00271666
  1.49666e-08	  6.151e-09	  90090.3	250.746	      317.284	    4.27257	  1.14619	273.868	   0.00274188
  1.40829e-08	6.40612e-09	  90091.1	250.703	      318.147	    4.26657	  1.14582	273.957	   0.00275506
  1.34978e-08	6.76476e-09	  90092.6	250.786	      318.638	    4.30643	  1.14544	274.054	   0.00276892
  1.30567e-08	6.77144e-09	  90089.3	250.975	      318.859	    4.35112	  1.14498	274.153	   0.00278172
  1.26443e-08	 6.6759e-09	  90081.8	 251.26	      318.691	    4.40318	  1.14448	 274.25	   0.00279521
  1.23556e-08	6.63732e-09	  90073.4	 251.29	      318.765	    4.43821	  1.14404	274.331	    0.0028072
  1.21102e-08	6.40898e-09	  90067.7	251.099	      319.322	    4.47121	  1.14364	274.409	   0.00281339
  1.16145e-08	6.23509e-09	  90063.1	251.228	       319.29	    4.51956	   1.1432	  274.5	    0.0028187
  1.08326e-08	6.19947e-09	  90059.7	251.376	      319.479	    4.56909	  1.14273	274.602	   0.00282876
  1.04062e-08	6.32822e-09	  90058.4	251.357	      319.404	    4.60764	  1.14236	274.689	   0.00283862
  1.00377e-08	6.62029e-09	    90059	251.617	      318.989	     4.6246	    1.142	274.777	   0.00285197
  9.38575e-09	6.81906e-09	  90061.6	251.855	      318.528	    4.65279	  1.14164	 274.87	   0.00286866
  9.04697e-09	7.31187e-09	  90064.7	 252.15	      317.808	    4.68754	  1.14132	274.959	    0.0028875
  8.22566e-09	7.85166e-09	  90068.6	252.392	      317.084	    4.72158	  1.14101	275.044	   0.00290374
  7.89302e-09	 8.0331e-09	  90073.5	252.505	      316.415	    4.76201	  1.14082	275.105	   0.00291579
  7.70697e-09	8.21213e-09	  90075.8	252.579	      315.632	    4.82262	  1.14058	275.169	   0.00292067
  7.40434e-09	8.38321e-09	  90080.5	252.841	      314.323	     4.8555	  1.14038	275.233	   0.00292958
  7.24262e-09	8.35081e-09	  90082.7	253.086	      313.141	    4.88976	  1.14013	275.298	   0.00294123
  7.04037e-09	8.55447e-09	  90084.6	253.543	      311.409	     4.9175	   1.1399	275.361	   0.00295734
   6.7724e-09	8.93895e-09	  90084.9	 253.83	      309.937	     4.9446	  1.13969	275.413	   0.00297196
  6.47612e-09	9.51757e-09	  90086.7	254.059	      308.356	    4.97539	  1.13955	275.452	   0.00298598
  6.25927e-09	9.70932e-09	    90084	254.378	      306.475	    5.00741	  1.13936	275.488	   0.00299702
  6.04362e-09	9.90954e-09	  90074.8	254.645	      304.714	    5.03858	  1.13907	275.531	   0.00300597
  5.63809e-09	9.98552e-09	  90065.9	 254.65	       303.21	    5.07816	  1.13883	275.562	   0.00300885
  5.57939e-09	1.02648e-08	  90055.7	  254.9	      301.013	    5.11124	  1.13859	275.588	   0.00301214
  5.31776e-09	1.04785e-08	    90048	254.951	      299.314	    5.16384	  1.13841	275.609	   0.00301993
  5.13643e-09	 1.0503e-08	  90046.9	 254.89	      297.449	    5.20003	  1.13838	275.612	    0.0030209
  4.90577e-09	1.02551e-08	  90049.2	254.794	      296.164	    5.20372	  1.13836	275.626	   0.00302098
  4.64352e-09	1.01785e-08	  90048.7	  254.6	      294.499	    5.22803	  1.13832	275.634	   0.00302073
  4.70266e-09	1.03245e-08	  90043.9	254.527	      292.204	    5.27757	  1.13824	275.638	   0.00301561
  4.78339e-09	1.05362e-08	  90036.6	254.377	      290.348	    5.34311	  1.13813	275.643	   0.00300919
  4.89176e-09	1.04564e-08	  90034.3	254.298	      288.287	    5.39317	  1.13808	275.647	   0.00300815
  4.91149e-09	1.02505e-08	  90034.4	254.134	      286.309	    5.42004	   1.1381	275.643	   0.00300289
  5.36394e-09	1.01833e-08	  90035.4	254.188	      283.636	     5.4435	  1.13821	275.619	   0.00299926
  5.60448e-09	1.03594e-08	  90035.4	 254.31	      281.117	    5.45805	   1.1383	275.596	   0.00299811
  5.77103e-09	1.03868e-08	  90033.4	254.517	      278.475	    5.45821	  1.13836	275.577	   0.00300072
  5.80688e-09	1.06268e-08	  90029.5	254.886	       275.25	    5.46895	  1.13842	275.551	   0.00300408
   5.9169e-09	 1.1262e-08	    90026	255.007	      272.138	    5.48547	  1.13856	275.506	   0.00300584
  5.83759e-09	1.18763e-08	  90025.1	255.065	      269.142	    5.48753	  1.13876	275.455	   0.00300224
  5.88121e-09	1.20176e-08	  90024.7	255.377	      265.854	    5.49673	  1.13892	275.414	   0.00300054
  6.17066e-09	1.21073e-08	  90021.9	255.361	      262.892	    5.53883	  1.13906	275.373	   0.00299683
  6.43995e-09	1.24488e-08	  90020.9	255.258	      260.067	    5.56963	  1.13925	275.324	   0.00298857
  6.41877e-09	1.24847e-08	  90019.8	255.101	      257.384	    5.56099	  1.13947	275.268	   0.00298086
  6.53858e-09	1.20324e-08	  90014.3	254.798	       255.02	     5.5728	  1.13965	275.207	   0.00296881
  6.58273e-09	1.19225e-08	  90010.7	254.681	       252.02	    5.56447	  1.13985	275.146	    0.0029611
  6.79207e-09	1.17877e-08	  90006.4	254.371	      249.397	    5.54927	  1.14009	275.076	    0.0029509
   7.2464e-09	1.16444e-08	  89998.4	254.052	      246.707	    5.59873	  1.14027	275.008	   0.00293401
  7.57978e-09	1.20159e-08	  89994.2	254.085	      243.358	    5.64261	  1.14049	274.941	   0.00292182
  7.82581e-09	1.19455e-08	  89990.5	253.906	      240.337	    5.66607	  1.14075	274.868	    0.0029058
  8.15948e-09	1.15125e-08	  89985.3	253.672	      237.468	     5.6776	  1.14104	274.784	   0.00289024
  8.46384e-09	1.09275e-08	  89977.2	253.389	      234.546	    5.69885	  1.14129	274.697	   0.00287061
  9.02809e-09	1.07448e-08	  89970.6	253.289	      231.444	    5.72354	  1.14155	274.616	    0.0028523
  9.87021e-09	1.06343e-08	  89968.9	 253.24	      228.204	    5.75011	  1.14191	274.522	   0.00283751
  1.01089e-08	1.06009e-08	  89969.9	253.035	      225.273	    5.77629	  1.14232	274.427	   0.00282075
  1.04281e-08	1.06555e-08	  89973.1	252.694	      222.376	    5.79659	  1.14281	274.321	   0.00280417
  1.06758e-08	1.04646e-08	  89972.6	252.656	      218.915	    5.78685	  1.14328	274.206	   0.00278632
  1.12443e-08	1.04034e-08	  89965.9	252.583	      215.662	    5.78964	   1.1437	274.084	   0.00277174
  1.16789e-08	1.02223e-08	  89954.8	252.576	      212.126	    5.80443	  1.14409	273.958	   0.00275375
   1.2159e-08	1.03634e-08	  89942.1	252.683	      208.557	    5.82229	  1.14442	 273.84	   0.00273835
  1.22914e-08	 1.0194e-08	  89933.1	252.392	      205.754	    5.84072	   1.1448	 273.72	   0.00272011
  1.25045e-08	1.00824e-08	  89927.3	252.089	      202.438	    5.86673	  1.14527	273.592	   0.00269975
    1.325e-08	1.02556e-08	  89918.5	251.801	      199.038	    5.90402	  1.14575	 273.45	   0.00267764
  1.41727e-08	1.03956e-08	  89905.5	 251.44	       195.99	    5.95203	  1.14618	273.306	    0.0026539
  1.41031e-08	1.05229e-08	  89894.9	251.189	      192.793	    5.97845	   1.1466	273.175	     0.002631
  1.44131e-08	1.01601e-08	  89888.3	250.841	      189.593	    5.99918	  1.14713	 273.03	   0.00260904
  1.48852e-08	9.89396e-09	  89885.6	250.535	      186.202	    6.04055	  1.14775	272.874	   0.00258627
  1.54145e-08	9.66936e-09	    89885	250.168	      182.929	    6.06135	  1.14841	272.714	   0.00256056
  1.59904e-08	9.28879e-09	  89880.7	249.829	      179.672	    6.09396	  1.14903	272.554	   0.00253306
  1.65877e-08	 8.7562e-09	  89872.6	249.327	      176.662	    6.15455	  1.14954	272.409	    0.0025084
  1.71485e-08	8.70442e-09	  89863.7	248.649	      173.965	    6.23532	  1.15007	272.257	   0.00247948
  1.76929e-08	8.76744e-09	  89855.7	248.335	      170.512	    6.27428	  1.15065	272.096	   0.00245526
  1.82868e-08	8.68177e-09	  89845.5	248.267	      166.936	    6.31824	  1.15113	271.951	   0.00243386
  1.90908e-08	 8.7454e-09	  89832.9	248.419	      163.195	    6.34497	  1.15152	 271.82	   0.00241758
  1.95914e-08	8.89725e-09	  89822.5	248.671	      159.394	    6.36705	  1.15196	271.686	   0.00240328
  2.05447e-08	8.88567e-09	  89811.7	248.666	      156.001	      6.411	  1.15246	271.535	   0.00238313
  2.16453e-08	8.96271e-09	  89797.4	248.689	      152.276	    6.47107	  1.15297	271.372	   0.00236587
  2.19806e-08	8.94858e-09	  89781.8	248.545	      148.896	    6.49758	  1.15345	 271.21	   0.00234705
  2.25538e-08	8.60775e-09	  89761.9	248.326	      145.745	    6.51241	  1.15388	271.049	   0.00232692
  2.31765e-08	8.54531e-09	  89744.2	247.885	      142.694	    6.54187	  1.15451	270.848	   0.00230204
  2.38147e-08	8.58931e-09	  89730.9	247.465	      139.457	    6.59771	  1.15523	270.641	   0.00227548
  2.45993e-08	 8.4334e-09	  89719.6	247.197	      136.203	    6.63643	  1.15586	270.458	   0.00225393
    2.469e-08	8.24665e-09	  89710.5	246.352	      133.526	    6.69166	   1.1566	270.257	   0.00222377
  2.46818e-08	7.98444e-09	  89701.9	245.489	      130.981	    6.73306	  1.15736	270.055	   0.00219225
   2.5669e-08	7.82891e-09	  89689.8	245.068	      127.794	     6.7816	  1.15798	269.874	   0.00216643
   2.6168e-08	7.28356e-09	  89671.7	244.665	      125.128	    6.83536	  1.15839	269.724	   0.00214242
  2.66829e-08	7.23981e-09	  89656.5	244.388	      122.192	    6.90212	   1.1588	269.583	   0.00212026
  2.70597e-08	7.11811e-09	  89642.8	244.161	      119.302	    6.94978	  1.15914	269.463	   0.00210182
   2.7866e-08	7.04316e-09	  89628.4	243.778	      116.347	    6.98896	   1.1596	269.311	   0.00208262
  2.83044e-08	6.71195e-09	  89613.9	243.269	       113.75	    7.04277	   1.1601	269.153	   0.00205692
   2.8922e-08	6.60586e-09	  89601.3	242.907	      110.877	    7.07194	  1.16066	268.985	   0.00203366
  3.00067e-08	6.46811e-09	  89584.6	242.769	      108.032	    7.11301	  1.16108	268.836	   0.00201553
  3.02873e-08	6.08458e-09	    89570	 242.65	      105.176	    7.13154	  1.16152	268.693	   0.00199891
  3.03728e-08	5.61495e-09	  89562.6	242.336	       102.25	    7.13121	  1.16217	268.519	   0.00198056
  3.11557e-08	5.36776e-09	  89553.7	241.669	      99.7277	    7.18022	  1.16287	 268.33	   0.00195709
  3.15821e-08	5.34232e-09	    89544	241.254	      97.0467	    7.21889	  1.16353	268.149	   0.00193408
  3.14247e-08	5.34757e-09	  89533.6	 240.53	      94.5575	    7.26804	  1.16419	267.967	   0.00190747
  3.18316e-08	 5.2528e-09	  89522.1	240.055	      91.8225	    7.30645	  1.16482	267.788	   0.00188576
  3.22892e-08	5.07527e-09	  89510.4	239.675	      89.3223	    7.31397	  1.16537	267.625	   0.00186934
  3.25724e-08	4.99492e-09	  89499.3	239.441	      86.6541	    7.32298	  1.16597	267.456	   0.00185296
  3.29188e-08	 4.6991e-09	  89493.1	239.121	       84.042	    7.31055	  1.16665	267.279	   0.00183653
  3.31777e-08	4.30155e-09	  89485.9	238.713	      81.7873	    7.32944	  1.16728	267.115	   0.00181674
  3.36884e-08	3.81966e-09	  89478.3	238.416	      79.4231	     7.3259	  1.16789	266.952	   0.00179957
  3.40572e-08	3.28296e-09	  89472.8	237.716	      77.3422	    7.38389	  1.16869	266.754	   0.00177385
  3.42499e-08	3.01427e-09	  89470.4	236.762	       75.362	    7.46762	  1.16952	266.557	    0.0017451
  3.40592e-08	2.87958e-09	  89471.6	235.874	      73.3487	     7.5108	   1.1703	266.383	   0.00171874
  3.31815e-08	 2.6388e-09	  89473.8	235.305	      71.3626	    7.54226	  1.17095	266.241	    0.0016903
   3.3308e-08	2.49091e-09	    89478	234.857	      69.2144	    7.57921	  1.17163	266.099	   0.00166932
  3.29106e-08	2.33045e-09	  89486.7	234.008	      67.1526	    7.61403	  1.17243	265.945	   0.00164291
  3.31559e-08	2.19479e-09	  89493.8	233.723	      64.9952	    7.62815	  1.17296	265.844	    0.0016272
  3.35443e-08	2.16306e-09	  89492.2	233.571	      62.7136	    7.63717	  1.17332	265.759	   0.00161584
  3.36079e-08	2.16383e-09	  89482.8	233.264	      60.6622	    7.67107	  1.17364	265.658	   0.00160258
  3.40049e-08	2.12523e-09	  89470.1	233.289	      58.3409	     7.6759	  1.17396	265.548	   0.00159444
  3.41779e-08	2.08944e-09	  89456.7	233.182	      56.2035	    7.69977	  1.17427	265.437	   0.00158602
   3.3821e-08	2.03654e-09	  89448.6	232.805	      54.3112	    7.69904	  1.17483	265.286	   0.00157187
   3.3887e-08	1.94139e-09	  89443.7	232.192	      52.3448	    7.72911	  1.17553	265.116	   0.00155194
  3.37841e-08	1.91113e-09	  89438.8	231.662	      50.3972	    7.75983	  1.17618	264.953	   0.00153226
  3.38953e-08	1.89661e-09	  89431.5	231.119	      48.5161	    7.78953	  1.17684	264.784	   0.00151365
  3.37598e-08	1.87617e-09	  89423.2	230.663	      46.7494	    7.80743	  1.17741	264.631	   0.00149614
   3.3637e-08	1.85384e-09	  89420.1	230.046	      44.9503	    7.80712	  1.17815	264.456	   0.00147825
  3.34819e-08	1.74042e-09	  89412.4	229.238	      43.2295	    7.83341	   1.1789	264.265	   0.00145805
  3.26763e-08	1.62263e-09	  89406.9	228.284	      41.6436	    7.85335	  1.17976	264.055	   0.00143369
  3.29956e-08	1.57944e-09	  89401.9	227.776	      39.9133	    7.85556	  1.18048	263.881	   0.00141461
  3.27476e-08	1.54817e-09	  89392.7	227.186	      38.2469	    7.88493	  1.18106	263.724	   0.00139765
  3.27389e-08	1.53576e-09	  89379.4	226.881	      36.4349	      7.898	  1.18148	 263.59	   0.00138378
   3.3341e-08	1.54469e-09	  89362.5	 226.69	      34.7401	    7.91735	  1.18173	263.484	   0.00137399
  3.44025e-08	1.52625e-09	  89343.7	226.918	      32.9454	    7.93133	  1.18187	263.398	   0.00137098
  3.49758e-08	1.51738e-09	    89327	226.951	      31.4267	    7.94545	    1.182	263.319	   0.00136828
  3.48372e-08	1.45733e-09	  89312.1	226.876	      29.8685	    7.96521	  1.18218	263.236	   0.00136051
  3.48778e-08	1.39936e-09	  89297.6	226.427	      28.4708	    7.99381	  1.18244	263.136	   0.00134755
  3.50086e-08	1.38627e-09	  89279.7	226.082	       27.022	    8.04166	  1.18265	263.037	   0.00133577
  3.48757e-08	1.33748e-09	  89271.3	225.602	       25.691	    8.07868	  1.18312	262.906	    0.0013215
  3.46656e-08	1.30964e-09	  89267.8	225.136	      24.5218	    8.10358	  1.18359	262.792	   0.00130605
  3.46015e-08	1.21437e-09	  89261.3	224.797	      23.2725	    8.10393	    1.184	262.682	     0.001292
  3.45039e-08	1.19379e-09	    89253	224.312	      21.9724	    8.11359	   1.1845	262.547	   0.00127829
   3.4272e-08	1.18607e-09	  89243.5	  223.7	      20.7636	    8.16444	  1.18502	262.402	   0.00126656
  3.40899e-08	 1.1859e-09	  89237.7	223.032	      19.6335	    8.19969	  1.18561	262.256	   0.00125448
  3.42845e-08	 1.1838e-09	  89232.1	222.565	      18.5125	    8.19389	  1.18612	262.127	   0.00124398
  3.49632e-08	1.21461e-09	  89221.8	222.637	      17.3902	    8.18675	  1.18645	262.023	   0.00123935
  3.49083e-08	1.25596e-09	  89209.9	222.352	      16.3741	     8.2031	  1.18684	261.903	   0.00122981
  3.44967e-08	1.20765e-09	  89207.3	221.899	      15.4101	    8.22664	  1.18741	261.769	   0.00121741
  3.43558e-08	1.17354e-09	  89214.3	221.634	      14.4046	    8.21563	  1.18798	261.664	   0.00120438
  3.43863e-08	1.16097e-09	  89220.7	221.258	      13.5231	    8.22644	  1.18845	261.579	   0.00119306
  3.42884e-08	1.16912e-09	  89225.7	220.813	      12.6773	    8.23266	  1.18886	261.503	   0.00118204
  3.46589e-08	1.15562e-09	  89229.2	220.486	      11.8922	    8.24825	  1.18912	261.456	   0.00117471
  3.45667e-08	1.15638e-09	  89231.3	220.325	      11.0333	    8.21956	  1.18941	  261.4	   0.00116787
  3.48452e-08	  1.164e-09	  89222.6	219.933	      10.3177	    8.20654	  1.18969	261.312	   0.00116306
  3.46485e-08	1.12585e-09	  89218.1	219.485	      9.61042	      8.204	  1.19015	261.197	   0.00115268
  3.49116e-08	1.12359e-09	  89213.5	219.178	      8.92375	     8.1969	  1.19062	261.081	   0.00114258
  3.56973e-08	1.13238e-09	  89197.8	218.966	      8.28136	    8.22531	  1.19082	260.992	    0.0011377
  3.60712e-08	1.15653e-09	  89184.3	218.924	      7.62221	    8.22469	   1.1909	260.935	   0.00113675
  3.68788e-08	1.18477e-09	  89172.9	218.891		 6.99	     8.2126	  1.19099	260.881	   0.00113634
    3.639e-08	1.19635e-09	  89158.1	218.585	      6.48368	     8.2398	  1.19107	260.821	   0.00112908
   3.6578e-08	1.21025e-09	  89143.7	218.462	      5.93429	    8.26068	  1.19099	260.797	   0.00112501
  3.64104e-08	1.21472e-09	  89137.8	 218.41	      5.45538	    8.24661	   1.1911	260.754	   0.00112363
  3.60673e-08	1.18302e-09	  89135.1	218.031	       5.0475	    8.25316	  1.19145	260.669	   0.00111655
  3.57766e-08	1.19272e-09	  89133.1	217.592	      4.65889	    8.22771	  1.19181	260.586	   0.00111135
  3.54942e-08	1.18459e-09	  89130.1	217.265	      4.29287	    8.21615	  1.19218	260.497	   0.00110327
  3.57801e-08	1.16821e-09	  89124.9	217.192	      3.92568	     8.2086	  1.19254	260.402	   0.00109689
  3.59411e-08	1.17813e-09	  89118.6	217.112	       3.5589	    8.19941	  1.19294	260.296	   0.00109247
  3.58518e-08	1.16433e-09	  89110.3	217.191	      3.22651	    8.16774	  1.19321	260.213	   0.00108828
  3.61682e-08	1.17136e-09	  89093.4	217.348	       2.9301	    8.11468	  1.19322	260.161	   0.00108701
  3.60815e-08	1.13635e-09	  89077.2	216.994	      2.67249	     8.1046	   1.1934	260.074	   0.00108074
  3.66321e-08	1.17726e-09	  89063.2	217.053	      2.42871	     8.1063	  1.19344	260.025	   0.00107959
  3.73669e-08	1.22866e-09	  89047.3	217.162	       2.1825	    8.08445	  1.19333	260.003	   0.00108139
  3.79664e-08	 1.2659e-09	  89033.8	217.412	      1.94105	     8.0477	  1.19325	259.981	   0.00108249
  3.86128e-08	1.28198e-09	  89027.3	 217.37	      1.73249	    8.01662	   1.1934	259.928	   0.00108234
  3.81816e-08	1.29403e-09	  89025.2	216.746	      1.55137	    8.04188	  1.19379	259.837	   0.00107458
   3.7809e-08	1.25749e-09	  89025.9	215.951	      1.38833	    8.08338	   1.1943	 259.73	   0.00106226
  3.74535e-08	1.19391e-09	  89027.1	215.322	       1.2428	    8.09186	  1.19475	259.635	     0.001052
  3.75048e-08	1.22806e-09	  89019.1	215.246	      1.09886	    8.05811	  1.19492	259.574	   0.00104887
  3.75393e-08	1.22663e-09	  89000.4	214.798	     0.975645	    8.07992	  1.19517	259.467	   0.00104396
  3.70511e-08	1.19947e-09	  88983.1	213.989	     0.867443	    8.12366	  1.19551	259.342	   0.00103515
  3.69109e-08	1.21083e-09	  88967.9	213.313	     0.758052	    8.13669	  1.19589	259.215	    0.0010266
  3.65904e-08	1.21308e-09	  88948.7	212.807	     0.669879	    8.16169	   1.1962	259.092	   0.00101686
  3.60158e-08	1.19789e-09	  88931.8	211.949	     0.594117	    8.21002	  1.19656	258.965	   0.00100611
  3.56782e-08	1.15847e-09	  88921.5	211.374	     0.526891	    8.24085	  1.19682	258.879	  0.000996237
  3.60365e-08	1.18697e-09	  88907.4	211.121	     0.465529	    8.25658	  1.19684	258.834	  0.000992597
   3.5829e-08	1.16975e-09	  88896.9	210.807	     0.415823	     8.2877	  1.19681	 258.81	  0.000989694
  3.49235e-08	 1.1485e-09	  88897.9	210.289	     0.373237	    8.27134	  1.19703	258.765	  0.000982449
  3.44416e-08	1.12523e-09	  88903.5	210.065	     0.335024	    8.26443	  1.19731	258.721	   0.00097339
   3.4048e-08	 1.1017e-09	  88901.8	210.171	     0.301177	    8.25449	   1.1973	258.717	  0.000970254
  3.42493e-08	1.10671e-09	  88916.3	210.592	     0.273777	    8.18729	  1.19718	258.786	  0.000975656
  3.38743e-08	1.08529e-09	  88922.5	210.339	     0.252169	    8.14536	  1.19762	258.708	   0.00097029
   3.3797e-08	1.05156e-09	  88928.5	 209.74	     0.238188	    8.15174	   1.1981	258.623	  0.000961967
  3.39732e-08	 1.0635e-09	  88928.9	209.581	     0.228335	    8.13942	  1.19827	258.587	  0.000960263
  3.35885e-08	1.04599e-09	  88928.5	209.579	     0.222699	    8.13337	  1.19836	258.566	  0.000957033
  3.36201e-08	1.02388e-09	  88923.2	209.576	     0.220207	    8.11741	  1.19838	258.546	  0.000954253
  3.39864e-08	1.06116e-09	  88917.7	209.342	     0.224451	    8.10055	  1.19832	258.543	  0.000953111
  3.43771e-08	1.06335e-09	  88912.8	209.298	     0.232518	    8.06006	  1.19818	258.559	  0.000953816
  3.43173e-08	1.07835e-09	  88909.6	209.008	     0.247685	    8.04754	  1.19823	 258.54	  0.000951628
  3.45057e-08	1.08477e-09	    88908	208.662	      0.26713	    8.05758	  1.19834	258.512	  0.000948006
  3.50311e-08	 1.1093e-09	  88904.2	208.663	     0.289952	    8.06743	  1.19834	258.501	  0.000949096
  3.48369e-08	 1.0854e-09	  88901.2	 208.14	     0.320358	    8.04575	  1.19851	258.453	  0.000946177
   3.4974e-08	1.04326e-09	  88896.5	207.802	     0.357598	    8.02586	  1.19873	258.394	  0.000942443
  3.53587e-08	1.00212e-09	  88889.8	207.503	     0.401729	    8.01048	  1.19884	258.351	  0.000939754
   3.5304e-08	9.97826e-10	  88874.6	207.251	     0.454682	    7.99932	   1.1988	258.314	   0.00093655
