      264.928	   0.814128   1.52503e-07  -3.18174e-09		    0  -3.18174e-09	 -38.5973	7.96474
      257.501	    0.84204   2.50633e-07  -3.65081e-09		    0  -3.65081e-09	 -88.3378	9.11988
      258.083	   0.841193   2.14277e-07  -6.00179e-09		    0  -6.00179e-09	 -85.5229	15.0069
      260.867	   0.826354   2.02887e-07  -4.33463e-09		    0  -4.33463e-09	 -63.0854	10.8099
      256.524	   0.824927   2.39984e-07  -4.23855e-10		    0  -4.85763e-10	 -54.1107	1.06653
      255.495	   0.831909   2.39922e-07  -1.68412e-09		    0  -1.68412e-09	 -67.4966	4.21468
      249.518	   0.838062   2.38238e-07  -7.68591e-10		    0  -7.68591e-10	 -56.7122	1.91764
      246.168	   0.844232   2.51375e-07  -8.47711e-10		    0  -8.47711e-10	 -71.2892	2.12259
      245.514	   0.827985   2.47956e-07  -1.13028e-10		    0  -1.24321e-10	 -46.2159      0.300929
      247.385	   0.822623   2.29517e-07   1.13028e-10		    0  -1.00835e-10	 -46.6841     -0.296169
      248.088	   0.833619   2.27018e-07	      0		    0  -8.30433e-11	 -60.5436    0.00199955
      248.925	   0.833529   2.18941e-07  -4.29507e-10		    0  -4.29507e-10	 -63.9134	1.07632
      244.352	   0.848575    2.1618e-07   3.05176e-10		    0  -6.73454e-11	 -66.5445     -0.753415
      243.872	    0.85063   2.15382e-07   1.35634e-10		    0  -4.18597e-11	 -70.4402     -0.343368
      244.069	   0.841593   1.92606e-07   4.12552e-10		    0  -8.02825e-11	 -56.8586      -1.03984
      241.537	   0.834293   1.99845e-07   3.67341e-10		    0  -7.24488e-11	 -45.9559     -0.918238
      239.844	   0.845606   1.85445e-07   4.52112e-10		    0  -9.51951e-11	 -55.1873      -1.13011
      240.889	   0.851216   1.86789e-07   3.67341e-10		    0  -7.93022e-11	 -61.6366     -0.928333
      242.982	   0.832144   1.88717e-07   1.18679e-10		    0  -3.24017e-11	 -49.7693     -0.310277
       240.12	   0.851456    0.00194701   1.13028e-11		    0  -3.17038e-11	 -66.6214    -0.0245615
       242.56	   0.851566    0.00640304  -1.58239e-10		    0  -2.00275e-10	 -73.7057      0.387897
      236.788	   0.825377	0.0155004    2.8257e-11		    0  -3.67229e-11	  -39.325    -0.0840978
      235.488	    0.81426	0.0368955  -1.69542e-11		    0	-3.1989e-11	 -21.9349     0.0357349
      238.172	   0.851152	0.0481519   1.41285e-10		    0  -2.37265e-11	  -59.017     -0.341498
      247.645	   0.850999	 0.074317  -2.37359e-10		    0  -2.55783e-10	 -73.2704      0.586432
      244.142	   0.816247	 0.061215   2.54313e-10		    0  -5.32355e-11	 -49.9927     -0.650324
      243.639	   0.849747	 0.167819  -2.26056e-10		    0  -2.86423e-10	  -76.773      0.562684
       246.41	   0.848263	 0.211289  -4.63415e-10		    0  -4.63415e-10	 -76.2805	1.14952
      245.154	   0.849776	 0.261707  -2.48662e-10		    0  -2.65388e-10	 -72.5536	0.62289
      241.337	   0.849651	 0.326063   1.29982e-10		    0  -2.68281e-11	 -67.9792     -0.326275
      242.359	   0.845686	 0.364882   8.47711e-11		    0  -3.49563e-11	 -67.5906     -0.216199
      248.783	   0.824272	 0.364228  -2.76919e-10		    0  -3.56326e-10	 -66.9827      0.688974
      249.025	    0.84744	  0.51859  -3.78644e-10		    0  -5.05479e-10	 -65.5597      0.942429
       246.63	   0.847659	 0.665516  -2.54313e-10		    0  -2.60072e-10	 -71.6933      0.623952
       245.64	   0.847301	 0.737561   3.67341e-10		    0  -5.74688e-11	 -66.4594     -0.905255
      240.661	   0.808942	 0.645603   2.76919e-10		    0  -5.25098e-11	 -38.6766     -0.684431
      240.708	    0.80799	 0.325637   1.16815e-08		    0	1.15514e-08	 -24.6329     -0.256158
      239.316	   0.839767	  1.09901   5.53838e-10		    0  -1.08882e-10	 -49.5507      -1.25689
      236.865	   0.816077	  1.43507   3.84295e-10		    0  -8.30466e-11	 -48.9773     -0.924897
       236.18	   0.805529	  1.25418   2.31708e-10		    0  -5.09742e-11	 -39.2159     -0.571555
      236.345	   0.810942	  1.70862   1.63891e-10		    0  -3.66841e-11	 -36.1479     -0.407017
      238.384	    0.80372	  1.06809   -2.8257e-11		    0  -8.73237e-11	 -28.0673     0.0704137
      237.167	   0.840648	  1.99219  -1.63891e-10		    0  -1.63891e-10	 -58.6286      0.422834
      242.447	   0.836274	   2.0473   1.18679e-10		    0  -3.69261e-11	 -44.2125      -0.30106
      259.107	   0.804394	  1.36502   6.42565e-09		    0	6.40402e-09	 -41.7628	12.8672
       259.27	   0.823912	  2.55331  -7.78763e-09		    0  -7.78763e-09	 -97.1135	19.4671
      256.848	   0.815744	  2.53188  -3.76383e-09		    0  -3.76383e-09	 -79.2835	9.41587
      257.445	   0.812707	  2.85572   -5.8492e-09		    0	-5.8492e-09	 -79.2361	14.6111
       246.45	   0.842293	   3.5377   -1.6276e-09		    0	-1.6276e-09	 -72.0388	4.06918
      242.699	   0.842382	   3.8513  -6.21654e-10		    0  -6.21654e-10	  -75.289	1.57239
      243.379	   0.821337	  3.15686  -1.86496e-10		    0  -1.89906e-10	  -46.342      0.473129
      241.829	   0.805039	   4.3158	      0		    0  -5.07406e-11	 -34.1718   5.27828e-05
      240.775	   0.841864	  4.61498   1.75194e-10		    0  -4.32822e-11	 -51.1111     -0.436399
      242.003	   0.841167	   5.0835   1.46936e-10		    0	-7.5791e-11	 -63.7574      -0.37329
      248.813	   0.811075	  5.23889  -5.42535e-10		    0  -5.52094e-10	 -76.1804	1.36128
      248.813	   0.829451	  5.75121   -5.6514e-10		    0	-5.6514e-10	 -67.5006	1.40954
      247.454	    0.80637	  4.55706  -5.08626e-10		    0  -5.08626e-10	 -35.3553	1.28306
      248.328	   0.805967	  3.09177   1.11502e-08		    0	1.11502e-08	 -4.88294	1.10634
      245.764	   0.806821	   5.0755   -4.0125e-10		    0	-4.0125e-10	 -15.2218	1.02308
      251.622	   0.806854	  3.47233   1.10654e-08		    0	1.10654e-08	 -19.2398	1.31576
      249.384	   0.822885	  7.84791  -1.00595e-09		    0  -1.00595e-09	 -65.6015	2.50849
      251.656	   0.807566	  6.01404   1.15289e-08		    0	1.14673e-08	 -18.8315      0.119621
      242.908	   0.807468	  7.60142   1.58239e-10		    0  -5.04717e-11	 -28.6115     -0.389064
      246.166	     0.8075	  7.03672  -1.13028e-10		    0  -1.29872e-10	 -16.5008      0.277343
      243.298	   0.808022	  7.48128   1.15967e-08		    0	1.15349e-08	 -23.0715    -0.0370223
      241.031	   0.823898	  10.9136   1.92148e-10		    0  -5.99433e-11	 -43.9136     -0.477911
      244.744	   0.812683	  9.27693  -7.34682e-10		    0  -7.34682e-10	 -37.0733	 1.8425
      249.332	   0.816307	  9.76114  -5.87746e-10		    0  -5.87746e-10	  -25.344	1.47098
      246.685	   0.815305	  10.2978  -8.53362e-10		    0  -8.53362e-10	 -42.4764	2.11595
      255.025	   0.809136	  4.56915   8.16232e-08		    0	8.15187e-08	 -6.33992      0.805132
      258.947	   0.810386	  5.29307   8.20471e-08		    0	8.16539e-08	  -1.7612     -0.900324
      251.592	   0.812819	  12.9772   2.33629e-08		    0	2.31754e-08	 -5.51385     -0.291451
      235.005	   0.814143	  16.2781   1.92148e-10		    0  -5.41217e-11	 -41.5205     -0.394349
      235.353	   0.812566	  16.6428   2.26056e-11		    0  -4.02775e-11	 -43.5675    -0.0679684
      237.039	   0.810346	    17.25   6.78168e-11		    0  -5.11365e-11	 -42.7479     -0.168196
      239.111	   0.808554	  18.2888    5.6514e-11		    0  -7.39178e-11	 -50.0622     -0.156911
      246.398	   0.810347	  13.8209  -6.72517e-10		    0	-7.3414e-10	 -36.9482	1.67103
       253.76	   0.809592	  14.3815  -1.12463e-09		    0  -1.12463e-09	 -27.2438	2.79775
      254.076	   0.808922	  8.97517   2.25548e-08		    0	2.25151e-08	 -26.8808	1.59638
      252.857	   0.809703	  9.32198   5.80286e-08		    0	5.79903e-08	   9.9172      0.485421
      243.149	   0.801261	  22.0537  -2.03451e-10		    0  -2.03451e-10	 -23.4927      0.505348
      238.689	   0.809757	  18.1408  -9.60739e-11		    0  -1.30973e-10	 -26.5011      0.236185
       247.56	   0.810742	  15.7898   1.00821e-08		    0	1.00821e-08	  -55.712	 3.7205
      253.473	   0.810105	   14.437   3.42475e-08		    0	3.42389e-08	   10.945	2.03586
      247.641	     0.8103	  14.3057   2.31708e-08		    0	2.31396e-08	  2.10343      0.131279
      250.985	   0.810358	   14.757   1.16193e-08		    0	1.15033e-08	 -11.7021    -0.0788229
      248.147	   0.794107	  25.2957   1.16701e-08		    0	1.14268e-08	 -40.5151     -0.225629
      256.605	   0.810489	  12.9453   2.33233e-08		    0	2.31629e-08	 -1.95884     -0.202489
      253.886	   0.809499	  19.7784   1.09016e-08		    0	1.08554e-08	 -8.95273	1.76781
      252.516	   0.812469	  17.4338   2.22383e-08		    0	2.22379e-08	 -27.7635	2.30755
       260.69	   0.809243	  18.4552    6.8851e-08		    0	6.87906e-08	 -9.92827	3.20285
      260.087	   0.810951	   14.822   1.00538e-08		    0	1.00432e-08	 -15.9371	4.07486
      254.262	   0.811093	  23.2488   2.26508e-08		    0	  2.265e-08	  13.2991	1.40454
      251.905	   0.811141	  17.6771   2.28091e-08		    0	2.28091e-08	  2.82946	1.04051
      254.494	   0.811217	  16.6851   3.45753e-08		    0	3.45724e-08	  2.73485      0.614598
      256.065	   0.811743	  24.5043   2.35211e-08		    0	2.32194e-08	 -11.8106     -0.553669
      263.613	   0.837623	  17.1419   4.69745e-08		    0	4.63705e-08	-0.947559      -1.25744
      262.131	   0.848802	  18.4006   4.70875e-08		    0	4.65222e-08	 -2.39162     -0.845999
      253.354	   0.824031	  32.1545   1.58239e-10		    0  -4.81483e-10	 -43.4037     -0.282209
       248.44	   0.821322	  33.4034   1.58239e-10		    0  -2.35836e-10	 -33.9509     -0.361847
      250.515	    0.83887	  23.9997  -5.42535e-10		    0  -5.93004e-10	 -22.0756	   1.34
      256.801	   0.817945	  15.9546   8.12333e-08		    0	8.11864e-08	  8.79956	0.30902
      257.379	   0.799849	  31.5647   2.27978e-08		    0	2.26961e-08	  2.37879      0.861987
	256.9	   0.814886	  21.2682   4.61833e-08		    0	4.61277e-08	  9.82722      0.693506
      251.555	   0.814647	  26.9609   1.11898e-08		    0	1.10682e-08	  -3.8317      0.963599
      245.582	   0.805817	  39.3591  -2.71267e-10		    0  -4.01406e-10	 -26.3736      0.698619
       247.48	   0.783208	  47.5005  -1.33373e-09		    0  -1.35433e-09	 -41.5968	3.33421
      250.665	   0.790813	  44.5353   -5.6514e-10		    0  -5.98475e-10	 -32.3347	1.40366
      260.173	   0.831432	   18.924    2.1238e-08		    0	2.12318e-08	 -22.4611	4.90133
       252.97	    0.81804	  26.1583   2.28995e-08		    0	2.28945e-08	  15.4526      0.747721
      252.594	   0.816908	  31.7086   2.29786e-08		    0	2.29381e-08	  8.64536	0.50149
      246.735	   0.791938	  46.9447  -4.52112e-10		    0  -6.97712e-10	 -21.8072	1.14245
      251.383	   0.815391	  37.0045  -1.69542e-10		    0  -1.97586e-10	 -6.47912      0.414092
       245.98	   0.811291	  45.4092   1.80845e-10		    0  -8.92309e-11	 -8.84818      -0.28443
      246.587	   0.781653	  54.5356  -4.63415e-10		    0  -7.03852e-10	 -21.9472	1.20393
      252.279	   0.781942	  53.3589  -1.55979e-09		    0  -1.55979e-09	 -40.4058	3.90294
      255.712	   0.813738	  41.5074  -3.39084e-11		    0  -1.92674e-10	   -15.79      0.117417
      249.745	     0.7858	   54.482  -3.27781e-10		    0  -5.62694e-10	 -12.2434      0.957772
      256.876	   0.815046	  28.2875   4.60363e-08		    0	4.60347e-08	  12.1631	1.24356
      253.351	   0.781703	  57.8454   1.14271e-08		    0	1.13422e-08	-0.120696      0.488755
      251.184	   0.778803	  61.4776  -1.53718e-09		    0  -1.57729e-09	 -34.9459	3.89972
      261.197	   0.811225	  31.9639   7.82154e-09		    0	7.75993e-09	 -23.9609	9.88818
      266.938	   0.838043	  16.9813    1.7716e-07		    0	1.75726e-07	  7.51076      -1.32123
      263.705	   0.835987	  39.5018   3.48126e-08		    0	3.45744e-08	   7.9579      0.249616
      263.567	   0.824865	  39.4127  -3.39084e-11		    0  -2.93047e-10	 -1.47556     0.0990517
       271.02	   0.838501	   20.269   3.63837e-08	  4.00588e-09	3.48147e-08	   1.3489    -0.0446294
      271.462	   0.826193	  33.8189   3.52874e-08	  2.06438e-08	4.80826e-08	-0.944656     -0.575877
      271.977	    0.74573	  62.6709  -6.25045e-09	  7.36066e-08	  3.604e-08	 -44.4719	15.5928
       272.32	   0.757988	  35.2705  -1.21279e-08	  6.22046e-08	8.66655e-09	 -47.7991	30.2924
      270.447	    0.72933	  63.9106  -3.68471e-09	  2.25685e-08  -5.10084e-08	  4.11639	9.47774
      263.496	   0.733409	   78.195  -7.34682e-10		    0  -1.96375e-08	  18.0615	1.90643
      261.318	   0.704037	  90.2073  -4.60024e-09		    0  -4.84055e-09	 -14.9763	11.4781
      271.403	   0.836057	  20.0167   1.18397e-07	  1.01235e-08	1.22837e-07	 -1.28089	3.00438
      268.419	   0.816254	  51.9736  -1.52588e-09	  8.12164e-09  -8.46432e-09	 -3.36852	4.47732
       264.79	   0.787469	  66.5369  -7.68591e-10	  8.72767e-09  -1.18293e-09	 -20.9687	1.98925
      264.619	   0.791718	  62.9266  -2.71267e-10	  4.93343e-11  -6.91171e-10	 0.824008      0.957847
       263.76	    0.79241	  65.5184   -1.2094e-09	   4.2413e-10  -1.58531e-09	 -15.5196	2.98231
      263.564	   0.794281	  61.3164  -2.37359e-10		    0  -5.03648e-10	 -3.89867      0.590017
      262.257	    0.78222	   72.266  -4.97323e-10		    0  -1.11282e-09	 -16.4157	1.51957
      263.539	   0.782685	  73.0705  -1.87627e-09	  2.01861e-09  -1.93833e-09	 -25.1554	 4.6752
      264.637	   0.779589	  73.8275  -1.79715e-09	  5.43323e-09	 -2.002e-09	 -22.3159	4.54654
       267.62	   0.776546	  74.6661  -3.05176e-09	   1.8635e-08	2.03809e-09	 -18.0702	7.64147
      268.191	   0.765605	  75.8903  -4.18204e-09	  2.45771e-08	6.04686e-09	 -19.7409	10.4479
      269.334	   0.756272	  78.4134  -4.26116e-09	  1.02597e-08  -1.75153e-08	 -6.37715	10.6606
      269.855	   0.840776	  33.9018   5.81416e-08	  3.77964e-09	5.71499e-08	  12.7159	2.98406
      269.742	   0.841124	  27.5596   1.06224e-07	  3.21579e-09	1.05388e-07	   14.475    -0.0167127
      268.873	    0.79645	  65.9758   1.11785e-08	  2.41298e-08	2.88461e-08	  1.67267	1.14085
       271.12	   0.807406	  41.1438  -3.07436e-09	  3.61706e-08	1.09513e-08	  1.12691	7.68308
      272.713	   0.770961	  61.0082   1.11446e-08	   7.9044e-08	5.87995e-08	  3.65734	4.73658
      270.532	   0.750859	  71.6719  -1.31113e-09	   9.4364e-08	 2.3289e-08	 -16.3957	3.26832
       271.42	   0.711501	  102.532  -3.98989e-09	   9.0172e-08	3.63738e-08	 -18.1827	9.97467
      271.287	   0.739462	  76.5943  -9.82214e-09	  1.17941e-07	4.76423e-08	 -44.0718	24.5771
      272.728	   0.725968	  85.1653  -1.07264e-08	  1.08831e-07	5.20736e-08	 -27.7649	26.8211
      270.395	   0.708955	  106.009  -5.48186e-09	  5.14668e-08  -2.98638e-08	 -10.7179	13.6665
      269.297	   0.719583	  102.448  -3.32303e-09	  2.64777e-08  -5.03859e-08	  4.38538	  8.278
      268.984	   0.715637	  104.333  -1.76324e-09	  4.23836e-08  -1.28582e-08	-0.226831	4.41193
      268.701	    0.71485	  105.753  -1.25461e-09	  5.22997e-08  -1.56085e-08	  1.94493	 3.1707
       269.34	   0.715113	  107.382  -4.98454e-09	  9.01183e-08	2.34258e-08	 -25.0178	12.4381
      271.988	   0.720549	  99.9976  -5.51577e-09	  1.56161e-07	8.11798e-08	 -49.0252	13.7937
      272.824	   0.727518	  95.7073  -2.33968e-09	  9.69977e-08	 -2.432e-09	 -12.4902	5.93046
       270.25	     0.7303	  94.1963  -5.31232e-10	  8.99957e-08  -1.03394e-08	  4.04411	1.57547
      269.696	   0.715272	  108.371  -3.52648e-09	  7.35226e-08	-1.1718e-08	 -14.5546	 8.7953
      271.391	   0.728416	  100.508  -2.37359e-09	  1.16119e-07  -8.48064e-09	 -22.6801	5.94821
      271.944	   0.720282	  94.4415  -1.80845e-10	  1.07901e-07  -1.95768e-08	 -2.70155	0.40909
       270.18	   0.704336	   113.04  -2.87091e-09	   1.3262e-07  -4.95338e-09	 -19.3942	7.16994
      271.627	   0.705305	  112.147  -9.21179e-09	   1.1631e-07	8.47534e-09	 -35.9963	20.3473
      272.206	   0.728701	  90.2073  -7.35813e-09	  1.10455e-07	2.25819e-08	 -7.75116	3.43676
      272.058	   0.725224	  91.4307   -1.5304e-08	  1.25068e-07	3.96116e-08	 -9.02629	3.93407
       272.69	    0.72594	   90.671  -3.87347e-08	  2.10608e-07	1.17273e-07	 -58.9404	14.9941
       273.15	   0.728862	  88.6847  -7.76842e-08	  2.23211e-07	 1.1039e-07	 -59.4475	21.0582
       273.15	   0.701835	  106.493  -1.06167e-07	  2.25873e-07	8.36444e-08	 -54.3161	17.8697
      272.203	   0.696632	  116.299  -1.16509e-07	  1.56232e-07	-1.9301e-08	 -39.1053	15.6501
      272.926	   0.698466	  112.518  -1.19878e-07	  2.02486e-07	3.90439e-08	 -40.9157	10.1025
      272.217	   0.693747	  117.027  -1.26478e-07	  1.67588e-07  -1.74826e-08	 -29.2162	7.97432
      272.107	   0.692472	  117.108  -1.25608e-07	  1.65789e-07	-1.7977e-08	 -28.2286	8.12548
      272.068	   0.690109	  118.047  -1.26185e-07	  1.71274e-07  -1.14418e-08	 -34.4209	 11.362
      272.134	   0.636518	  138.787  -1.29643e-07	  2.05036e-07	1.89371e-08	  -29.691	10.1877
      271.537	    0.63654	  138.085  -1.33447e-07	  1.90776e-07  -7.70388e-09	 -19.2599	7.61308
      271.624	   0.636902	  136.519  -1.31762e-07	  1.90419e-07  -1.12844e-08	 -9.59816	5.01003
      272.541	   0.470119	  197.863  -1.46733e-07	  3.78327e-07	1.33362e-07	 -28.7695	 22.428
      272.726	   0.451608	  203.876  -1.87022e-07	  3.71001e-07	1.20749e-07	 -25.4838	17.6236
       272.33	    0.55691	  166.541  -2.04773e-07	  2.55917e-07  -2.82668e-08	 -19.5811	16.0256
      271.221	   0.579554	  157.989  -2.01235e-07	  1.99948e-07  -2.11484e-08	 -18.7084	8.31638
      270.985	   0.591818	  139.885  -1.98912e-07	  1.83416e-07  -1.54992e-08	  -13.175	5.21684
      272.617	   0.457417	  183.939  -2.08865e-07	  3.32675e-07	1.23474e-07	 -7.74224	4.96799
      271.184	   0.464366	  196.563  -2.33652e-07	  2.88901e-07	5.50267e-08	 -14.9535	9.09236
      271.046	   0.465707	  198.282  -2.48441e-07	  2.78646e-07	3.00277e-08	 -27.3172	14.2984
       270.77	   0.465787	  195.716  -2.52301e-07	  2.53686e-07	1.38132e-09	 -10.7054	7.77392
      270.509	   0.466018	  192.331  -2.51165e-07	  2.41343e-07  -9.82326e-09	 -4.57119	5.95596
      270.778	    0.45063	  194.895  -2.55223e-07	  2.98126e-07	4.28638e-08	 -24.1295	14.0892
      272.215	   0.437673	  198.013  -2.75003e-07	  3.55873e-07	8.08659e-08	 -39.0181	16.4332
      271.792	   0.463445	  158.546  -2.85916e-07	  2.99574e-07	1.36534e-08	 -18.6567	5.98667
      272.341	   0.436817	  194.421  -2.99976e-07	  4.10898e-07	1.10915e-07	   -39.83	8.61845
      272.164	   0.440438	  191.332  -3.26821e-07	   3.8372e-07	5.68934e-08	 -46.1833	15.3449
      271.678	   0.436508	  195.846  -3.37067e-07	  3.69855e-07	3.27852e-08	 -40.7305	9.46894
      272.159	   0.440228	  187.944  -3.45968e-07	  3.83263e-07	3.72927e-08	 -38.5471	6.63864
      272.627	   0.461438	  174.856  -3.50896e-07	  3.43248e-07  -7.86268e-09	 -17.7056     -0.244137
      271.046	   0.436396	  192.024  -3.43843e-07	  3.05026e-07  -3.94373e-08	 -12.5034     -0.511259
      270.541	   0.436726	   190.79  -3.32404e-07	  2.66052e-07  -6.66627e-08	  -5.3585	1.82442
      269.845	   0.436749	  190.431  -3.14156e-07	  2.27814e-07  -8.64146e-08	 0.726048	3.30604
      269.417	   0.436698	  189.405  -2.94031e-07	  2.03991e-07  -9.00412e-08	-0.486791	6.41025
      270.047	   0.454905	  171.173  -2.77981e-07	   2.0263e-07	-7.5352e-08	  -19.153	18.5269
      271.149	   0.437028	  184.652  -2.72618e-07	  3.15337e-07	4.27188e-08	  -53.384	22.4648
      271.941	    0.46018	  135.405  -2.62067e-07	   2.7346e-07	1.13858e-08	 -35.3768	7.16077
       273.15	   0.485517	  100.352  -2.71866e-07	  3.09992e-07	3.79419e-08	 -30.9998	2.69284
       273.15	   0.476196	  69.6209  -2.23174e-07	  3.30573e-07	1.06064e-07	 -45.5673      -3.50972
       273.15	   0.473621	  55.0963   5.28011e-08	  3.47379e-07	4.00177e-07	 -45.2291      -17.2177
       273.15	    0.47092	  71.9372   -3.1415e-07	  3.00855e-07	-1.3338e-08	 -28.6821      -9.57569
      272.768	   0.535914	  88.5475   -3.2712e-07	  2.00027e-07  -1.41892e-07	  -6.7019     -0.898592
       273.15	   0.460671	  159.815  -3.68788e-07	  4.78556e-07	 1.0895e-07	 -69.6816     -0.702379
      273.078	   0.456188	  158.031  -3.89427e-07	  4.33104e-07	4.24543e-08	 -74.3535	5.28288
      272.874	   0.445682	  164.311  -4.00244e-07	  4.45085e-07	4.46234e-08	 -84.7348	11.1225
      273.036	   0.477973	  65.6681  -3.61509e-07	   2.1874e-07  -1.42875e-07	  -50.846	5.25954
       273.15	   0.513672	  91.2472  -3.11878e-07	  1.93637e-07  -1.27409e-07	 0.278273      -2.26048
      272.073	   0.521245	  85.3675  -2.86797e-07	  1.57069e-07  -1.39417e-07	 -1.41899     -0.343171
      272.202	   0.516395	  68.4748  -1.89277e-07	  1.65782e-07  -8.40301e-08	 -18.2833	5.86685
       273.15	   0.496058	  36.2367  -5.69209e-08	  1.59156e-07	1.01631e-07	 -12.9975      -9.54053
       273.15	   0.501263	  67.4365  -1.97093e-07	  2.83251e-07	8.50833e-08	 -25.5954      -10.6795
       273.15	   0.493091	  53.4185  -8.45959e-08	     2.24e-07	1.37754e-07	 -15.4664      -10.2092
      273.085	    0.53692	  69.1865  -2.80507e-07	  1.51696e-07  -1.47133e-07	  4.92221     -0.403008
      272.441	   0.518189	  122.643   -2.6335e-07	  1.82572e-07	-1.3681e-07	  4.21475	1.99711
      271.629	   0.474234	  66.9876  -1.57329e-07	  1.94051e-07  -5.37724e-08	 -20.4721	2.05479
       273.15	   0.554459	  54.6669  -1.18544e-07	  1.07826e-07  -2.18826e-08	  11.4548      -2.56247
      272.897	   0.527158	  95.8458  -1.79805e-07	  1.67392e-07  -5.10193e-08	  7.29259      0.115723
      272.127	   0.516308	  96.2546  -1.62003e-07	  1.49294e-07  -1.29714e-07	  9.89969	2.90558
      270.833	   0.486107	  112.354  -1.51548e-07	  1.45099e-07  -5.18525e-08	 -0.25308	2.09212
      270.761	   0.487464	  98.9619   -1.4536e-07	  1.05477e-07  -4.91331e-08	  4.86859	4.40246
      269.598	   0.546717	  114.053  -1.38731e-07	  7.19127e-08	-6.8421e-08	 -31.3423	21.1242
      269.875	   0.589603	  99.2047  -1.23715e-07	  8.25987e-08  -4.11183e-08	 -42.4129	15.6669
      269.399	   0.590114	  97.4992  -1.11807e-07	  4.17613e-08  -7.00469e-08	 -23.1633	13.0461
      268.861	   0.589767	  95.8013  -9.42485e-08	   1.8913e-08  -7.53363e-08	 -2.49949	10.2646
       269.31	   0.590333	  95.2486  -8.25387e-08	  4.08632e-08  -4.16914e-08	 -30.5418	17.9628
      269.194	   0.606728	  83.8442  -7.05804e-08	  4.21308e-08  -2.85464e-08	 -25.3785	7.27837
      271.206	   0.592042	  88.9445  -7.04391e-08	  8.69123e-08	1.64702e-08	 -39.4547	12.2454
      268.251	   0.591276	  89.5325  -7.02582e-08	  1.63365e-08  -5.39235e-08	 -24.1869	13.7691
      269.592	   0.596636	  85.7566  -6.15381e-08	   4.1785e-08  -1.97552e-08	 -41.7699	15.2125
      269.585	   0.592342	  86.0785  -5.70057e-08	  3.94721e-08  -1.75356e-08	  -37.215	12.0079
      268.609	   0.593877	   83.214  -5.20607e-08	  2.54263e-08  -2.66366e-08	 -25.7858	9.54737
      268.154	   0.595786	   81.661  -4.46065e-08	  5.86991e-09  -3.87385e-08	  -17.456	7.09558
      270.138	   0.544764	  34.1186  -8.77663e-09	  3.01065e-09  -2.65535e-08	  3.46726	3.48002
      269.983	   0.501648	  96.5543  -6.62344e-09	  8.51749e-08  -2.55587e-08	  13.0631	6.91093
      267.684	   0.459094	  103.065  -1.65304e-08	  6.17309e-08	1.98833e-08	  -8.3356	7.93985
      269.804	   0.470158	  93.0304   -2.6166e-08	  7.16884e-08	3.38897e-08	 -17.8045	7.45929
      271.417	   0.513816	  32.4178   -3.0009e-09	  2.38092e-08	9.48889e-09	  -7.6998     -0.130235
      270.542	    0.59624	  27.3699   2.03507e-08	  1.34356e-08  -1.87476e-08	  9.54574	1.59003
      267.019	   0.626131	   46.227  -8.47145e-09	  3.65075e-08  -1.99886e-08	 -16.1994	3.39786
      269.941	   0.625879	  27.0168   3.25916e-08	  1.96236e-08	1.36288e-08	  9.15691      0.179631
      262.128	    0.59589	   68.394  -3.46996e-09	  3.27449e-08	3.30849e-09	 -20.4068	4.88953
      267.956	   0.556832	  45.5826   6.75908e-09	  2.37837e-08	1.57941e-09	 -22.0645	8.43603
      266.107	   0.557197	  63.8412  -3.51517e-09	  2.61909e-08  -1.13751e-08    -0.0886035	 5.6766
      261.835	   0.520316	  72.3715   -2.8144e-09	   4.6916e-09  -6.15388e-09	  4.13344	 6.8946
      263.274	     0.5153	  71.4706  -1.30547e-09		    0  -1.68836e-09	  -2.4095	4.15922
      263.013	   0.533297	  64.3178  -3.16479e-10		    0  -7.85898e-10	  5.70571	1.12665
      257.298	   0.514537	  72.0925    -2.221e-09		    0	 -2.221e-09	  20.5552	5.55354
      259.465	   0.516126	  60.9201  -1.88192e-09		    0  -1.91375e-09	-0.239329	4.78135
      263.053	   0.532187	  30.8079   3.56999e-08		    0	3.38666e-08	 -6.41062	1.95695
      259.618	   0.590775	  56.3652   3.39084e-11		    0  -4.60192e-10	 -12.1524    -0.0560177
      259.545	   0.626415	  33.3894   2.32668e-08		    0	 2.2707e-08	 -1.65225      0.018341
      261.804	   0.712042	  29.1094   3.46375e-08		    0	3.44998e-08	 -4.99819      0.664497
      252.377	    0.69417	  39.9437  -1.72368e-09		    0  -1.72368e-09	 -34.4052	4.30988
      262.103	   0.815893	  7.58467   1.86558e-07		    0	1.77738e-07	  3.01987      0.789733
      261.171	   0.823977	  19.3365   7.49094e-08		    0	6.97751e-08	 -10.9602      -1.49338
      258.229	   0.820781	  20.5136  -5.32927e-09		    0	 -5.386e-09	 -75.3191	 13.316
      264.975	   0.816017	  19.4034  -5.76443e-10		    0  -4.52594e-09	 -60.6195	11.2989
      264.297	   0.821274	  12.0615  -3.78644e-10		    0  -2.09529e-09	 -17.5335	5.04951
      261.824	   0.820449	   16.303  -8.92922e-10		    0  -1.17876e-09	 -37.2378	2.32658
      261.579	   0.817194	  18.4785  -1.40155e-09		    0  -1.50917e-09	 -47.0517	 3.4987
      266.931	   0.835907	  8.46478   2.21196e-08		    0	2.10197e-08	 -30.7865	5.14655
      269.441	   0.848939	  4.88169   1.91837e-07		    0	1.88535e-07	    1.976      -2.01449
      266.595	   0.885175	  5.90796   7.23154e-08		    0	7.01046e-08	  1.98526     -0.642282
      252.543	   0.883237	  10.6885   5.99049e-10		    0  -7.48728e-11	 -34.3344      -1.29453
      250.297	   0.882018	  10.4823  -4.91672e-10		    0	-5.3411e-10	 -52.6646	1.23328
      250.099	   0.880509	   10.258  -3.78644e-10		    0  -4.18082e-10	  -57.423      0.950989
      257.902	   0.873071	   6.1934   9.29091e-09		    0	9.23365e-09	 -17.6663	5.91414
      262.683	   0.855797	  5.08129    1.0602e-07		    0	1.05537e-07	 -1.51572      -0.49466
      251.453	   0.870011	  10.0756   1.13028e-09		    0  -1.35482e-10	 -54.0014      -2.40885
      252.483	   0.864479	  8.74394   1.18114e-09		    0  -1.34834e-10	 -52.2787      -2.62691
      248.155	   0.870021	   9.1659   8.98573e-10		    0  -1.11203e-10	 -48.7607      -1.67465
      257.599	   0.859979	  4.95862   3.67398e-08		    0	3.48243e-08	 -39.7115	-1.3713
      265.434	   0.840903	  6.31429   1.35634e-08		    0	1.15466e-08	 -13.5355      -1.82478
       259.69	   0.879938	  5.30763   2.40919e-08		    0	2.32209e-08	 -8.39362	-0.8301
      247.604	   0.839732	  5.74085   2.34985e-08		    0	2.30802e-08	 -18.8163      -0.51787
      249.353	    0.82177	  5.89736   2.26508e-08		    0	2.26508e-08	  2.79718	1.31136
       243.96	   0.843564	  8.33005  -2.76919e-10		    0  -2.76919e-10	 -40.6811      0.701029
      256.804	   0.821388	  3.55962  -3.72427e-09		    0  -3.72427e-09	 -20.9743	9.31416
      262.935	     0.8378	  2.53496   6.99079e-08		    0	6.93987e-08	  -7.0583	 1.0886
      261.232	   0.826529	  4.16831   4.73588e-08		    0	4.65087e-08	 -4.59887     -0.780505
      251.716	   0.850471	  6.26767   7.00774e-10		    0  -9.24569e-11	 -47.5268      -1.74663
       253.76	   0.851219	  6.19818   1.23935e-08		    0	 1.1477e-08	 -51.3396	-2.0352
      261.281	   0.823933	   2.6835  -1.79149e-09		    0  -1.80966e-09	  -29.048	4.46409
      257.507	   0.856514	  5.13092  -1.75194e-09		    0  -1.75194e-09	 -52.0495	4.39581
      257.517	   0.847974	  4.52599  -4.18204e-10		    0  -4.56753e-10	 -65.4672	1.04269
      261.601	   0.858266	  4.48239  -1.06246e-09		    0  -1.06428e-09	 -50.2024	2.65342
      263.482	   0.821228	  2.77455  -3.30042e-09		    0  -3.50566e-09	 -54.2442	 8.7518
      263.262	   0.825621	  2.95429  -1.30547e-09		    0  -1.48496e-09	 -60.0215	3.25476
      268.005	   0.837345	  1.41362   1.12576e-08		    0	1.07773e-08	 -30.1186	1.02423
      259.074	   0.869913	    2.961   2.37359e-10		    0  -5.66529e-10	 -48.7587     -0.592122
      253.872	   0.822846	  2.04641   1.20036e-08		    0	  1.152e-08	  -22.932      -1.06581
      253.343	    0.82407	  2.59443   4.80369e-10		    0  -5.71466e-11	 -16.5369      -1.11407
      248.959	   0.825788	  3.23971   9.32482e-10		    0  -1.01505e-10	 -32.9463      -1.71773
      247.086	   0.849908	  2.81462   1.15854e-09		    0  -1.60012e-10	 -49.9022	-2.3684
      253.844	   0.824689	  2.30732  -1.75194e-10		    0  -5.50783e-10	  -52.526      0.447488
      261.105	   0.827385	 0.770111   5.86842e-08		    0	5.78851e-08	 -8.92039     -0.731405
      259.404	   0.818644	 0.826516   1.15176e-08		    0	1.13672e-08	 -16.5688      0.156169
       258.84	   0.817528	  1.21171   1.20262e-08		    0	1.15343e-08	 -33.2678      -1.09906
      264.105	   0.870448	  1.15917   1.02008e-08		    0	1.01111e-08	 -33.2003	3.61527
       264.81	   0.849697	 0.801107   -2.4301e-10		    0	-8.5951e-10	 -37.9515      0.786271
      265.337	   0.846872	 0.448255   3.50387e-08		    0	 3.4469e-08	 -14.9371      0.432216
      267.683	   0.842547	 0.487464   8.60709e-09		    0	8.50673e-09	 -28.9463	7.42494
       260.88	   0.823177	 0.419925   2.31368e-08		    0	2.28158e-08	 -8.91715      0.561288
      254.763	   0.835157	 0.781857   1.12463e-09		    0  -1.26344e-10	 -48.4903      -2.80865
      260.323	   0.867171	 0.540017   2.49057e-08		    0	2.32011e-08	 -23.8206      -2.52361
      255.268	   0.902453	 0.441188   2.65616e-10		    0  -1.87571e-10	 -71.4525     -0.665641
      253.772	   0.900103	 0.397032   9.09876e-10		    0  -1.08628e-10	 -68.3864      -2.26704
      257.519	   0.898744	 0.321092   6.21654e-10		    0  -6.60687e-11	 -77.6093      -1.55292
      260.702	    0.89712	 0.266811  -1.24331e-09		    0  -1.24604e-09	 -74.3421	3.10402
	262.4	   0.894639	 0.223929  -4.37419e-09		    0  -4.37419e-09	 -90.7013	10.9349
      263.838	   0.857897	 0.216805  -2.66181e-09		    0  -2.66181e-09	 -56.4378	6.64996
      260.061	   0.843129	 0.108075   1.13311e-08		    0	1.12863e-08	 -28.5589      0.636307
      253.438	   0.835235	 0.145055    1.2111e-08		    0	1.15153e-08	 -39.8606      -1.32105
      248.913	   0.859114	0.0986416   5.53838e-10		    0  -8.70918e-11	 -54.2677      -1.38563
      250.935	   0.824772	0.0340168   5.19929e-10		    0  -7.00817e-11	 -30.1443      -1.28901
      252.722	   0.825094	0.0455176   1.14441e-08		    0	1.11385e-08	 -25.1538      0.470665
      261.408	   0.815893	0.0171491   1.76861e-07		    0	1.75912e-07	  -3.7683      -1.64913
      253.452	   0.814355	0.0136862   3.49596e-08		    0	3.47589e-08	 -1.89788     -0.434145
      250.644	    0.81416    0.00826277    2.3216e-08		    0	2.31729e-08	 -2.93983    -0.0724678
      244.809	   0.851174   0.000825048  -1.69542e-10		    0  -2.34459e-10	 -54.1319      0.406695
      260.582	   0.813918   1.62254e-07   8.22618e-08		    0	8.16493e-08	 -16.8045     -0.302154
      265.857	   0.848447   1.00286e-07   1.17436e-07		    0	1.16797e-07	 -4.97917      -1.47031
      265.846	   0.865618   1.63476e-07   8.32169e-08		    0	8.20508e-08	 -21.8109      -2.42824
      262.447	   0.843099   1.83077e-07   7.12246e-08		    0	7.05109e-08	 -13.3808      0.133303
      260.746	   0.855914   2.66922e-07  -3.72993e-09		    0  -3.74345e-09	 -63.7319	9.31571
      257.068	   0.858856   2.99163e-07  -1.41285e-09		    0  -1.47806e-09	 -55.6036	3.53253
      256.888	   0.863713   3.29239e-07   2.14753e-10		    0  -2.41137e-10	 -72.6764     -0.536995
      260.303	   0.831608   2.64549e-07   1.13876e-08		    0	1.10107e-08	 -21.8898      0.475504
      255.037	   0.820851   2.71854e-07   2.34646e-08		    0	2.32027e-08	 -9.52857     -0.583414
      256.905	   0.825247   2.93693e-07   2.35494e-08		    0	2.32737e-08	 -30.8479     -0.344084
      259.035	   0.815788   1.85861e-07   7.02865e-08		    0	6.99999e-08	 -2.19228     -0.659518
      253.499	   0.814188   2.04678e-07    8.1821e-08		    0	8.17141e-08	-0.219103     -0.238001
      248.331	   0.836647   3.39615e-07   1.03534e-08		    0	 1.0281e-08	 -55.5525	3.08918
      261.589	   0.829098   2.25235e-07  -5.15408e-09		    0	-5.9564e-09	 -50.5566	14.8785
      262.487	   0.833707   1.31124e-07   4.69066e-08		    0	4.64469e-08	 -2.13651     0.0146687
      257.849	   0.815362   1.66091e-07   9.37285e-08		    0	9.33608e-08	 -1.19435     -0.839789
      248.329	   0.844746   3.73624e-07  -7.51637e-10		    0  -8.09292e-10	 -61.9938	1.87945
       250.62	   0.839566   3.66765e-07  -2.32273e-09		    0  -2.32273e-09	 -76.4824	5.79993
      262.513	   0.834618   1.62182e-07    8.2567e-09		    0	8.20427e-09	 -28.5197	8.52076
      264.375	   0.838621   2.04249e-07   1.00821e-08		    0	1.00741e-08	  -32.138	3.74458
      255.804	   0.824124   2.51647e-07   3.49935e-08		    0	3.47747e-08	 -2.62469     -0.336396
      253.725	   0.837233   3.01306e-07  -3.25521e-09		    0  -3.25521e-09	 -61.6571	8.13976
      253.231	   0.816331    1.4005e-07   3.43492e-08		    0	3.43075e-08	 -2.35187	   1.23
      247.421	   0.815801   2.99112e-07   1.15232e-08		    0	 1.1511e-08	 -3.29064      0.226099
      241.548	   0.837017   3.55947e-07  -1.86496e-10		    0  -1.87916e-10	 -47.0221      0.463388
       254.62	   0.820053   2.52079e-07   9.72607e-09		    0	9.72607e-09	 -31.6115	4.64287
      257.557	   0.814981    2.0198e-07   1.03477e-08		    0	1.03477e-08	 -9.08954	3.07089
      248.822	   0.814635   2.76533e-07   2.31595e-08		    0	2.31361e-08	  1.45455     0.0541167
      238.024	   0.814523   3.46327e-07   7.34682e-11		    0	-1.5598e-11	 -6.83701     -0.181167
      233.104	   0.822265   3.65008e-07   5.08626e-11		    0  -2.50127e-11	 -29.0248      -0.12114
      237.287	   0.850761   3.55656e-07   1.07377e-10		    0  -2.69783e-11	 -58.8785     -0.274887
      235.766	   0.851457   3.47441e-07   1.35634e-10		    0  -3.41938e-11	 -56.3456     -0.343696
      235.255	   0.827241   3.40276e-07   1.07377e-10		    0	-2.6453e-11	 -38.3549     -0.262727
       236.28	   0.816134   3.03033e-07  -7.34682e-11		    0  -8.58436e-11	 -17.0534      0.180202
      238.554	   0.827136   3.25027e-07  -2.26056e-11		    0  -9.98922e-11	 -19.0821     0.0588029
      240.007	   0.829031   3.25443e-07   2.48662e-10		    0	-5.0545e-11	 -45.0055     -0.604162
      245.851	   0.835383   3.17025e-07  -5.08626e-11		    0	-1.1539e-10	  -60.553      0.133378
      255.099	   0.839077   3.20552e-07  -2.68442e-09		    0  -2.68442e-09	 -97.0649	6.70253
