	    0		  0   8.20472e-07	253.699	      12.6505	    85291.4	  1.11541    0.00159282	      266.434
	    0		  0   1.58669e-06	165.374	      14.9727	    85480.3	  1.14503   0.000738038	      260.116
	    0		  0   1.34929e-06	184.848	      16.4329	    84692.2	  1.13379   0.000595191	      260.273
	    0		  0   1.16839e-06	209.682	      13.4514	    84176.6	   1.1144    0.00101448	       263.19
	    0		  0   1.37077e-06	 189.66	      8.83788	    84556.4	  1.13362   0.000947072	      259.895
	    0		  0   1.42734e-06	174.056	      12.6087	    84236.8	   1.1373    0.00070621	      258.075
	    0		  0   1.47117e-06	155.602	      12.1168	    84306.5	   1.1668   0.000466037	      251.759
	    0		  0   1.61377e-06	133.558	      12.9508	    84027.8	  1.17742   0.000311129	      248.663
	    0		  0   1.44148e-06	153.357	      7.47372	    84730.1	  1.18621   0.000368697	      248.883
	    0		  0   1.29395e-06	160.717	       7.7255	    85018.9	   1.1821   0.000494709	      250.599
	    0		  0   1.36444e-06	150.515	      9.48973	    85675.4	   1.1877   0.000496561	      251.343
	    0		  0   1.31519e-06	150.815	      10.3841	    85940.4	  1.18841    0.00045539	       251.97
	    0		  0   1.42764e-06	126.005	      9.97163	    86053.4	  1.21095   0.000410023	      247.605
	    0		  0   1.44194e-06	123.877	      9.46245	    85317.1	  1.20022   0.000362847	      247.681
	    0		  0   1.21589e-06	136.987	      8.08839	    85097.9	  1.19645    0.00044653	      247.824
	    0		  0   1.20602e-06	138.132	      7.84456	    85300.5	  1.21549   0.000357336	      244.523
	    0		  0   1.20112e-06	123.699	      9.02692	    85584.2	  1.22797   0.000319349	      242.842
	    0		  0   1.25544e-06	122.522	      10.4236	    85521.3	  1.22265   0.000316382	       243.72
	    0		  0   1.12428e-06	142.561	      9.53083	    85337.1	   1.2111    0.00033383	      245.513
	    0		  0	0.0131073	114.804	       11.302	    84916.2	  1.21803   0.000235491	      242.914
	    0		  0	0.0431374	118.994	      10.1989	    84443.8	   1.1951    0.00026706	      246.196
	    0		  0	0.0887645	126.476	      5.82432	    84146.3	   1.2156   0.000201174	      241.192
	    0		  0	 0.198641	  145.3	      6.31911	    85078.7	  1.25016   0.000143422	      237.123
	    0		  0	 0.323497	121.114	      8.43672	    85606.3	  1.23429   0.000238046	       241.66
	    0		  0	  0.49877	139.702	      9.42593	    85646.3	  1.18558   0.000434628	      251.707
	    0		  0	 0.333137	145.912	      8.36953	    86477.9	  1.21931   0.000403215	      247.121
	    0		  0	  1.11691	118.733	      11.4528	    85785.7	  1.21077   0.000293732	      246.872
	    0		  0	  1.39247	131.427	      10.8564	    85329.8	  1.18962   0.000344288	      249.926
	    0		  0	  1.74211	126.483	      11.1521	    85122.5	  1.19429   0.000340636	      248.343
	    0		  0	  2.16871	115.727	      10.1754	    85599.7	  1.21947   0.000285783	      244.578
	    0		  0	  2.36455	124.164	      10.0529	      85429	  1.21192   0.000314146	      245.612
	    0		  0	  2.07268	 150.17	      11.9903	    84897.9	  1.17599   0.000490791	      251.543
	    0		  0	  3.39925	149.551	      12.2949	    84706.5	  1.17299   0.000491874	      251.618
	    0		  0	  4.36859	  133.3	      12.5885	    84588.6	  1.18209   0.000399807	      249.332
	    0		  0	  4.83015	 132.22	      10.4138	    84520.2	  1.18336   0.000463125	      248.865
	    0		  0	  3.37909	140.865	      7.27709	    84370.8	  1.20767   0.000318829	      243.423
  1.15774e-08		  0	  1.69594	158.993	       5.9521	    84246.8	  1.20821   0.000283396	      242.957
	    0	  5.243e-11	  6.85885	125.823	      6.41885	    84194.7	   1.2026   0.000387403	      243.938
	    0	1.24176e-11	  7.80256	118.075	      6.58027	    84469.8	   1.2205   0.000289045	      241.148
	    0		  0	  6.44916	128.463	      7.55697	    84855.9	  1.23841    0.00021381	      238.746
	    0		  0	  9.03753	131.444		7.652	    85013.8	  1.24131   0.000199594	      238.631
	    0		  0	  5.44165	148.783	      9.19678	    85205.2	  1.23805   0.000193997	      239.798
	    0		  0	  12.5018	113.633	      12.1473	    85033.4	  1.23786   0.000152094	      239.351
	    0		  0	  12.5044	149.248	      6.13853	    85048.2	  1.20117   0.000351717	      246.705
   1.1576e-08		  0	  6.97841	239.112	      12.0352	    85172.1	  1.13797   0.000718239	      260.787
	    0		  0	  14.5001	180.347	      18.1491	    85335.4	  1.13813   0.000689711	       261.25
	    0		  0	  13.7411	174.713	      13.7099	    85347.2	  1.14603   0.000616008	      259.484
	    0		  0	  15.2473	181.192	      15.2576	    84633.6	  1.13498   0.000480332	      259.819
	    0		  0	  22.4322	126.749	      13.0329	    84328.3	  1.17985   0.000222363	      249.036
	    0		  0	  24.4344	111.299	      13.0513	    83916.5	  1.19201   0.000224555	      245.293
	    0		  0	  17.6693	144.295	      10.4008	    84306.1	  1.19656      0.000288	      245.496
	    0		  0	  22.1367	147.153	      10.0103	    84587.6	  1.21074   0.000276922	      243.429
	    0		  0	  29.1836	128.121	       10.849	    84654.6	  1.21389   0.000279345	      242.991
	    0		  0	  32.0054	120.474		11.44	    84638.2	   1.2054   0.000306423	      244.655
	    0		  0	    27.73	138.527	      11.1743	    84397.6	  1.16562   0.000448966	      252.285
	    0		  0	  33.7217	141.809	      10.2778	    84473.8	  1.16721   0.000423642	      252.168
	    0		  0	  23.5348	171.578	      9.72135	      84989	  1.18851    0.00037464	      249.159
  1.15898e-08		  0	  15.9342	204.439	      7.98532	    85838.6	  1.20312   0.000408344	      248.594
	    0		  0	  26.2735	184.549	      8.32421	      86186	  1.21778   0.000316224	      246.595
  1.15815e-08		  0	  17.9777	204.858	       9.0267	    86113.8	  1.18804   0.000583116	      252.556
	    0		  0	  44.3097	146.691	      12.0689	    85153.2	  1.17793   0.000415081	      251.883
  1.15746e-08		  0	  31.2524	198.392	      6.39962	    85036.6	  1.17096   0.000695254	      253.035
	    0		  0	  39.4813	154.081	       7.2834	    85783.5	  1.22155   0.000346338	      244.687
	    0		  0	  36.5545	 179.28	      6.45834	    86157.2	  1.21335   0.000386918	      247.413
  1.15774e-08		  0	  38.9695	161.884	      6.58914	    85964.3	  1.22191    0.00032831	       245.13
	    0		  0	  61.9728	129.182	      7.58733	    86350.1	  1.23237   0.000317007	       244.14
	    0		  0	  49.5254	158.251	      10.3492	    86329.1	  1.22102   0.000243914	      246.349
	    0		  0	  53.1383	182.796	      7.76408	    86356.6	  1.19971   0.000423167	      250.806
	    0		  0	  55.7556	158.837	      9.55433	    85967.3	  1.20419   0.000286219	      248.746
  8.19453e-08		  0	  23.9393	234.321	      7.20753	    85863.3	  1.17153   0.000852426	      255.371
  8.16915e-08		  0	   27.915	249.787	      7.02439	    85934.1	  1.15598    0.00137848	       259.02
  2.31975e-08	4.44965e-11	  69.3297	188.389	      3.72381	      85812	  1.18191     0.0008632	      252.978
	    0	3.93225e-11	  87.5841	99.4765	      5.61905	    85642.7	  1.24653   0.000207499	      239.389
	    0		  0	  88.7925	104.881	      8.01273	    85653.8	  1.25379   0.000154208	      238.034
	    0		  0	  90.9552	112.837	      8.96245	    85842.1	  1.25005   0.000187257	      239.271
	    0		  0	  95.5298	114.204	      9.13742	    85768.2	  1.23637   0.000231846	      241.711
	    0		  0	  72.8748	167.571	      9.09396	    85461.8	  1.19956   0.000314054	      248.238
	    0		  0	  75.5298	196.596	      8.09894	    84965.9	  1.15888   0.000556738	       255.46
  2.31989e-08		  0	  46.9712	210.881	      9.82857	    84569.8	   1.1533   0.000762385		255.5
  5.82249e-08		  0	  48.9864	220.707	      6.66904	    84920.6	  1.17402   0.000738933	      252.032
	    0		  0	  110.968	 136.51	      7.22162	    85517.6	  1.21792   0.000270224	      244.656
	    0		  0	   95.356	132.062	      8.04823	      85713	  1.24298   0.000191168	       240.27
   1.1576e-08		  0	  83.4297	163.865	      14.4193	    84872.5	  1.18633   0.000451641	      249.275
  3.50564e-08		  0	  76.0264	222.138	      9.41452	    84691.7	  1.16731   0.000715513	      252.798
  2.32251e-08		  0	  75.4124	199.404	      5.84684	    85401.9	  1.20248   0.000463302	      247.462
  1.15829e-08		  0	  77.8152	196.148	      5.06462	    85816.9	  1.18662   0.000672313	      251.988
  1.15815e-08		  0	  122.858	152.035	      7.52301	    85846.5	  1.19257   0.000555454	      250.817
  2.32444e-08		  0	  68.3091	235.123	      6.15673	    85878.9	  1.16647    0.00106867	      256.526
  1.16077e-08		  0	  103.823	201.012	       7.0167	    86713.2	  1.18747   0.000667395	      254.438
  2.31603e-08		  0	  92.9647	 193.21	      10.1929	    87109.1	  1.19568   0.000603357	      253.845
  7.01238e-08		  0	  96.7475	241.135	      10.5974	    87548.2	  1.16818    0.00125292	      261.128
  1.16864e-08		  0	  78.4027	238.511	      10.6317	    87186.1	   1.1654    0.00115564	      260.669
   2.3221e-08		  0	   123.07	208.408		5.143	    87078.8	  1.19994   0.000724736	      252.855
  2.32072e-08		  0	  93.5996	215.001	      7.10961	    87364.2	  1.21012    0.00060008	      251.549
  3.48273e-08		  0	  88.3824	228.727	      6.45914	    87738.5	  1.20264   0.000810519	      254.199
  2.32941e-08		  0	  130.164	212.187	      5.89905	    86315.4	  1.17066    0.00109594	      256.907
  4.64751e-08	3.79428e-12	  105.569	266.378	      6.74741	    85336.1	  1.12771    0.00203238	      263.666
  4.66337e-08	1.15898e-10	  121.698	244.872	      4.14111	      85809	  1.13897    0.00189486	      262.505
	    0	3.72529e-11	  182.728	154.281	      7.28021	    85471.4	  1.15995   0.000854301	      256.743
	    0	1.31075e-11	  186.948	142.936	      7.41143	    85377.1	  1.18498   0.000583446	      251.042
	    0		  0	  148.946	176.103	      7.41471	    84667.8	  1.17205   0.000528535	      251.705
  8.13576e-08		  0	  87.6363	239.125	      9.76324	    84711.9	  1.15158    0.00104328	      256.312
  2.31506e-08		  0	  157.704	219.229	      6.63031	    84496.1	  1.14525    0.00101107	      257.073
  4.64516e-08		  0	  114.892	233.669	      6.09024	    85333.5	  1.16248   0.000970937	      255.771
   1.1576e-08		  0	  145.457	189.027	      6.32548	    85992.3	  1.19225   0.000584513	       251.31
	    0		  0	  202.691	133.567	      8.47479	    86657.6	  1.22178   0.000359134	      247.134
	    0		  0	  219.107	123.994	      10.9815	    86115.1	  1.20303   0.000291417	      249.413
	    0		  0	  212.897	147.082	      6.58709	    86238.9	  1.18765   0.000501775	      253.007
  2.31837e-08	6.20882e-12	  112.263	232.752	      13.0961	    85102.6	   1.1359    0.00124106	      261.048
  2.31934e-08		  0	  143.758	218.126	      6.66925	    86190.2	  1.19415   0.000668141	      251.489
  2.31782e-08		  0	  173.185	203.209	      2.30838	    86647.3	  1.19894   0.000685551	      251.811
	    0	1.44872e-11	  225.628	138.226	      6.90538	    86922.6	  1.21826   0.000394673	      248.605
	    0		  0	  200.448	180.481	      2.72932	    86817.2	  1.19992    0.00063337	      252.099
	    0	6.89869e-11	   240.63	146.127	      2.08255	    87245.4	  1.22682   0.000525043	      247.788
	    0	1.75916e-11	  249.766	133.488	      7.51053	    86891.8	  1.21972    0.00039556	      248.221
	    0		  0	  244.701	143.084	      10.5907	    86094.4	  1.17979   0.000516245	      254.265
	    0		  0	  222.844	 184.36	      3.79866	    85901.1	  1.16537   0.000966299	      256.834
	    0	4.62212e-11	  254.351	152.217	      3.91829	    86373.6	   1.1949   0.000529163	      251.864
  4.65123e-08		  0	  152.943	235.842	      5.57554	      86381	  1.17646   0.000947101	      255.834
  1.16077e-08		  0	  264.984	169.145	     0.509569	    86742.9	  1.19206   0.000739282	      253.545
	    0		  0	  277.931	134.712	      8.48872	    86523.9	  1.18952   0.000437417	      253.444
  1.17485e-08	5.51895e-12	  169.323	229.386	      10.5747	    86664.3	  1.15196   0.000982503	      262.133
  1.75767e-07	8.51643e-10	   104.85	280.324	      10.9282	    86704.8	  1.13421    0.00248067	      266.359
  3.48894e-08	2.31106e-11	  240.845	244.089	      4.24469	      87204	   1.1562     0.0018377	      262.799
	    0		  0	  225.042	235.374	      2.76913	    87383.8	  1.15444    0.00187932	      263.741
  3.48466e-08	1.51702e-09	  125.506	 291.57	      7.95474	    87430.9	  1.12493    0.00326978	      270.806
  3.47942e-08	2.60425e-10	  194.577	280.089	      6.36439	      87596	  1.12422    0.00341988	      271.489
	    0		  0	  246.474	241.873	      11.0566	    87003.8	  1.10495    0.00237481	      274.356
	    0		  0	  145.739	277.579	      13.1165	    86074.1	  1.09282    0.00182725	      274.437
	    0	1.11414e-10	   236.12	242.183	       5.0325	    86174.1	  1.11611    0.00210478	      269.022
	    0	2.51802e-11	  293.314	198.613	       0.3159	    87312.6	   1.1666    0.00146868	       260.78
	    0		  0	  304.793	175.017	      9.22113	    87588.2	  1.16325   0.000992878	      262.356
  1.17671e-07	1.92922e-09	  122.095	298.694	       9.7729	    87895.7	  1.12838    0.00313385	      271.413
	    0	2.61115e-10	  282.856	243.684	       6.1663	    88335.8	  1.14459    0.00216922	      268.908
	    0	1.24176e-11	  313.069	193.037	      4.97925	    87970.5	  1.14882    0.00179448	      266.811
	    0	1.16588e-10	  302.121	214.857	      3.65437	    88039.5	  1.15298      0.002217	      266.058
	    0		  0	  315.615	196.404	      5.19437	    88289.5	  1.15754    0.00152667	      265.761
	    0		  0	  298.059	207.935	      2.21912	    88481.3	  1.16119    0.00191316		265.5
	    0	 1.0279e-10	  331.831	181.545	      6.06001	    88749.9	    1.172    0.00157025	      263.851
	    0		  0	  336.242	 182.05	      7.66805	    88880.7	  1.16759    0.00146288	      265.238
	    0		  0	  334.954	189.441	      7.48941	    89167.4	  1.16698    0.00160843	      266.232
	    0		  0	  334.145	214.028	      6.90384	    88852.8	  1.15009    0.00165172	      269.189
	    0		  0	  323.771	215.096	      6.77139	    88423.2	  1.14174    0.00149842	      269.848
	    0		  0	  321.725	223.618	      6.36234	    88061.6	  1.13645    0.00174806	      269.995
  5.82249e-08	1.10138e-09	  212.919	284.533	      6.43714	    87796.6	  1.13886    0.00262336	      268.613
  1.04918e-07	1.29557e-09	  173.466	288.523	      6.93106	    87245.6	  1.13213    0.00297077	      268.514
  1.15815e-08	5.89838e-11	  324.125	241.599	       7.0172	    87008.8	  1.12819    0.00260725	       268.72
	    0		  0	   213.63	283.387	      6.67818	    86657.4	  1.11368    0.00241268	      271.122
  1.15843e-08	1.46149e-09	  266.366	282.472	       6.0575	    86672.7	  1.10789    0.00306398	      272.585
	    0		  0	  287.676	 238.52	      6.47061	    86776.7	  1.11038    0.00274916	      272.302
	    0		  0	  355.398	215.014	      7.65827	      86666	  1.10699    0.00230802	      272.787
	    0	3.79428e-12	  293.985	241.543	      14.5843	    86117.7	  1.09891    0.00214951	      273.053
	    0	2.27657e-11	  310.786	 259.56	      12.5017	    85844.1	  1.09141     0.0020453	      274.057
	    0		  0	  364.235	200.111	      8.34959	    85373.8	  1.09773    0.00181989	      270.986
	    0		  0	   365.34	200.216	      6.08673	    85862.1	  1.11254     0.0018629	      268.907
	    0	7.24362e-12	  366.901	196.626	       3.7124	    86393.8	  1.12011    0.00195122	      268.744
	    0	6.20882e-12	  370.867	 195.48	      3.65773	    87226.6	  1.13095    0.00209262	      268.734
	    0		  0	  376.926	 196.61	      8.73097	    87357.9	  1.12257    0.00194167	      271.148
	    0		  0	  357.836	219.972	      11.3031	      87311	  1.10774    0.00252262	      274.631
	    0	3.86326e-11	  351.243	235.812	      5.82531	    87555.7	  1.11552    0.00291643	      273.479
	    0	9.58917e-11	  349.264	 232.72	       2.8304	    87909.2	  1.13244    0.00296267	      270.482
	    0		  0	  380.613	198.819	      7.47361	    87516.2	  1.12564    0.00210937	      270.898
	    0		  0	  370.082	217.015	      7.51081	    87249.1	  1.11215    0.00275799	      273.348
	    0		  0	  337.631	236.039	      1.08943	    87111.8	  1.11556    0.00319879	      272.084
	    0		  0	  382.328	206.348	      5.45448	    87206.7	   1.1153     0.0023827	      272.444
	    0		  0	  380.554	 208.96	      10.6454	    86909.7	  1.10653    0.00189945	      273.667
	    0		  0	  332.502	243.955	      2.89541	    87042.1	  1.11174    0.00290922	      272.799
	    0	1.51771e-10	  332.746	247.851	      2.22161	    87230.2	  1.11433    0.00288961	      272.755
	    0		  0	  330.844	246.166	      11.4191	    87431.1	  1.10376    0.00263047	      276.001
	    0		  0	  327.083	264.999	      12.1687	    87448.1	  1.10243    0.00244445	      276.388
	    0		  0	   357.16	248.396	      9.55269	    87552.2	  1.10154    0.00222632	      276.939
	    0		  0	  383.361	215.527	      9.02155	    87968.7	  1.11418    0.00212437	      275.099
	    0		  0	  373.153	235.439	       7.8171	      88094	  1.10991    0.00262791	      276.552
	    0		  0	  382.126	219.387	       7.1959	      88033	  1.11504    0.00264896	      275.089
	    0		  0	  380.806	219.042	       6.9516	    88247.7	  1.11853    0.00255948	      274.899
	    0		  0	   380.93	217.417	      7.92431	    88283.1	  1.11815    0.00235654	      275.103
	    0		  0	  381.828	210.549	      7.27788	    88012.2	  1.11637    0.00232572	      274.695
	    0		  0	  379.917	208.234	       6.1845	    87875.3	  1.11971     0.0023646	      273.451
	    0		  0	  375.983	212.385	      4.81491	    87912.8	  1.12213    0.00254692	      272.977
	    0		  0	   373.41	205.132	      9.71489	    87407.6	   1.1113     0.0021005	      274.055
	    0		  0	  371.771	209.415	       8.5042	    87769.7	  1.11481    0.00217565	      274.323
	    0		  0	  375.863	206.925	      7.46237	    87465.3	  1.11265    0.00210051	      273.901
	    0		  0	  375.764	202.211	      6.17643	    87120.1	  1.11254     0.0023632	      272.847
	    0		  0	  342.702	 223.92		  5.1	    87051.2	  1.11378     0.0024757	      272.329
	    0		  0	  339.006	243.243	       3.6513	    87535.5	  1.11442    0.00265477	      273.686
	    0		  0	  366.972	205.311	      6.33451	    87289.7	  1.11653    0.00242392	      272.403
	    0		  0	  371.112	 193.87	      8.40754	    86565.6	  1.10721    0.00215337	      272.415
	    0		  0	  366.363	 196.59	       5.6164	    86882.6	  1.11452     0.0022981	      271.621
	    0		  0	  360.182	200.366	       5.2568	      87443	  1.12381    0.00244835	      271.112
	    0		  0	  354.761	210.086	      7.57791	    87411.5	  1.11786    0.00208712	      272.458
	    0		  0	  352.131	217.139	      8.00856	    87243.7	  1.10792    0.00219549	      274.374
	    0	3.48039e-10	  295.488	245.281	      5.36374	    87553.9	  1.11485    0.00267091	      273.638
	    0	3.44934e-12	  345.217	230.442	      7.46933	    86934.2	  1.10158    0.00281218	      274.975
	    0		  0	  341.931	224.586	      8.02117	    86588.6	  1.09716    0.00222391	      274.984
	    0		  0	  347.558	212.393	       7.5844	    86708.2	  1.10152    0.00257632	      274.276
	    0		  0	  335.751	 225.98	      7.17114	    86884.9	  1.10136    0.00292456	      274.874
	    0		  0	  324.672	240.436	      4.27499	    87060.2	  1.10495    0.00368739	      274.535
	    0		  0	  340.708	205.994	      4.09774	      87748	  1.12252    0.00323648	      272.371
	    0		  0	  338.716	201.705	       3.2996	    87665.6	  1.12658    0.00279001	      271.136
	    0		  0	  338.092	193.667	      3.04729	    87203.5	  1.12603     0.0023706	      269.837
	    0		  0	   336.24	187.895	      3.36233	    86945.6	  1.12462    0.00183058	      269.377
	    0		  0	  314.025	207.942	      8.09861	    87143.5	  1.11978    0.00163822	      271.156
	    0		  0	  327.995	207.171	      11.1711	    87125.5	  1.11088    0.00204842	      273.273
   1.1576e-08	4.50898e-09	  250.835	245.192	      8.78521	    87431.5	  1.11287    0.00298229	      273.742
	    0	9.04142e-09	  195.054	296.173	      8.90654	      87834	  1.11423    0.00365717	      274.667
	    0	7.55572e-08	  132.914	313.789	      9.85739	    87820.1	  1.11099    0.00410682	      275.423
	    0	4.24411e-07	   104.67	318.021	      9.32643	    87578.7	  1.10659    0.00513636	      275.759
  2.33452e-08	8.43389e-08	  135.967	312.432	      7.12081	    87281.1	  1.10542    0.00474363	      275.114
   4.6889e-08	6.26987e-09	    190.8	285.679	      3.19796	    87555.4	  1.11456    0.00392961	      273.715
	    0	2.20758e-11	  296.322	251.769	       8.0352	    87822.4	  1.10207    0.00390429	      277.662
	    0		  0	  290.599	239.607	      9.35368	    87979.6	  1.10633    0.00338535	      277.087
	    0	1.24176e-11	  296.419	231.301	      9.85998	    87753.3	   1.1037    0.00295678	      277.032
	    0	3.48115e-08	  125.794	283.079	      9.45671	    87407.3	  1.10624    0.00349052	      275.306
  3.48798e-08	6.80555e-09	  187.625	289.499	      5.25378	      87110	  1.11151    0.00413284	      273.068
  2.32734e-08	2.14515e-09	  178.311	276.162	      4.87274	    87382.5	  1.11976    0.00354988	      271.904
  1.16615e-08	  6.813e-08	  141.592	270.757	       8.9496	    87984.2	  1.12234    0.00316378	      273.149
  1.16063e-08	2.22244e-07	  71.9065	314.588	      8.59144	    88089.8	  1.12072     0.0045273	      273.872
	    0	9.24182e-08	  135.215	311.927	      6.91096	    87811.2	   1.1126    0.00484719	      274.998
  2.33038e-08	2.43398e-07	  105.381	315.444	      7.41986	    87137.3	  1.10834    0.00462309	      273.937
  3.47915e-08	1.68362e-09	  149.405	299.845		1.974	    87165.3	  1.11864    0.00384717	      271.502
  1.16008e-08	1.61429e-10	  254.545	242.574	      1.01135	    87184.6	    1.122    0.00314802	      270.747
	    0	 7.7813e-08	   127.41	262.481	      9.01192	    86629.5	  1.10579    0.00349847	      272.969
  8.30574e-08	2.79824e-08	  122.698	 306.41	       8.4551	    87097.4	  1.11417    0.00401078	      272.377
  2.32762e-08	2.50284e-09	  202.702	273.133	      3.83265	    87300.7	  1.11909    0.00368325	      271.812
  1.15788e-08	3.75978e-11	      199	242.293	      3.53845	    87185.5	  1.12158    0.00298249	      270.851
	    0		  0	  218.633	225.819	      3.24158	    87226.9	  1.12304    0.00265067	      270.628
	    0		  0	  193.083	244.324	      3.25868	      87687	  1.13164    0.00243722	      269.988
	    0		  0	  251.615	202.257	      11.8215	    87496.4	  1.12579    0.00179261	      270.803
	    0		  0	  241.729	205.712	      11.2603	    87345.3	  1.12069    0.00205291	      271.564
	    0		  0	  237.869	203.497	      9.32661	      87333	  1.12513    0.00189434	      270.453
	    0		  0	  233.529	215.069	      6.39907	    86916.3	  1.12544    0.00169444	       269.09
	    0		  0	  232.502	 208.07	      11.5925	      86910	  1.11958    0.00182903	      270.479
	    0		  0	  213.197	 213.04	       7.6409	    86765.8	  1.11654    0.00216924	      270.766
	    0		  0	  218.024	 223.95	      8.31877	    86333.3	  1.09993    0.00225024	      273.483
	    0		  0	  219.054	197.896	      10.4285	    86545.3	  1.11983    0.00177957	      269.283
	    0		  0	  212.604	205.265	      11.2679	    86975.3	  1.11724	0.00202	      271.249
	    0		  0	  211.154	203.049	      9.41938	    87323.6	  1.12119    0.00205065	      271.375
	    0		  0	  204.899	203.359	      8.85462	    87310.8	  1.12721    0.00200895	      269.888
	    0		  0	  202.024	201.504	       8.2483	    87241.4	  1.12957    0.00208089	      269.108
  2.32431e-08	 1.9644e-09	  74.9471	277.117	      6.70958	    87018.9	  1.12471    0.00274622	      269.582
   1.1587e-08	2.93194e-10	  193.747	 230.32	       6.1458	    87068.2	  1.12744    0.00228916	      269.081
	    0		  0	  190.541	193.794	      7.64165	    86977.5	  1.12999    0.00174122	      268.194
	    0		  0	  175.581	221.622	      8.49407	    86610.3	  1.11375    0.00239776	      270.956
  2.32513e-08	1.95957e-09	  66.6779	277.617	      5.20634	    86440.9	  1.10873    0.00343021	      271.652
  3.48301e-08	1.74054e-09	  67.7877	281.888	      4.01972	    86665.5	  1.12154    0.00290978	      269.247
	    0	6.65723e-11	  123.645	231.932	      7.17228	    86316.5	  1.12174    0.00228601	      268.113
   3.4819e-08	5.20851e-10	  72.2141	281.787	      2.59452	    86525.6	  1.12303    0.00302081	      268.454
	    0	6.45027e-11	  169.246	188.467	      8.40593	    86306.4	  1.14064     0.0015021	      263.642
   1.1587e-08	3.34586e-11	  102.856	234.863	      11.1156	    86020.9	  1.11574    0.00209867	      268.634
	    0	6.03635e-11	  144.175	226.621	      7.64617	    86242.6	  1.12896    0.00168082	      266.172
	    0		  0	  150.873	190.173	      10.0795	    86230.6	  1.14827    0.00109799	      261.658
	    0	3.62181e-10	  147.453	 185.73	      6.63236	    85740.6	  1.13565    0.00146412	      263.062
	    0	1.35214e-10	  137.813	 195.28	      4.24073	    86565.9	  1.14798    0.00172119	      262.743
	    0		  0	  148.502	166.917	       10.079	    87084.3	  1.18354   0.000762099	      256.374
	    0	 3.1734e-11	  125.901	185.762	      10.9173	    86922.8	  1.16788     0.0010368	      259.331
  3.48604e-08	1.62361e-09	  65.8551	232.572	      8.58344	    86359.8	  1.14332    0.00175798	      263.184
	    0	1.10379e-11	  137.736	188.982	      5.23615	    86281.2	   1.1514    0.00144614	      261.101
  2.32458e-08	2.75947e-11	  89.3757	216.288	      3.45689	    86660.5	  1.16322    0.00146424	      259.584
  3.49018e-08	1.72467e-12	  101.089	229.737	      3.55916	    87403.2	  1.16339    0.00160937	       261.77
	    0		  0	  130.608	149.132	       10.439	    86957.4	  1.19333   0.000438633		253.9
  1.78339e-07	8.53988e-09	   41.197	 258.77	      8.93819	    86426.2	  1.15055    0.00167674	      261.732
  6.98202e-08	4.48725e-09	  109.852	226.595	      3.56792	    87307.5	   1.1615    0.00179553	      261.908
	    0		  0	  114.461	170.156	      14.7052	    87521.1	  1.17039   0.000691324	      260.555
	    0	 3.9495e-09	  105.463	212.428	      11.6364	    87504.5	  1.14068    0.00144643	      267.292
	    0	1.63878e-09	  67.4861	249.895	      8.47378	      88133	  1.15753    0.00156218	      265.292
	    0	3.75978e-11	  90.7988	214.341	      8.79652	    87895.6	  1.16074    0.00141387	      263.845
	    0		  0	  101.083	201.388	      8.49687	    88107.8	  1.16067    0.00127536	      264.499
  2.32706e-08	9.07867e-10	  51.5853	256.135	      9.17562	    86912.3	  1.12859    0.00214048	      268.327
  1.88552e-07	2.47904e-09	  32.3161	292.923	      6.20263	    86502.4	  1.12019    0.00318482	      269.065
   7.0121e-08	1.93715e-09	  51.4519	280.118	      2.28973	    86779.4	  1.13582    0.00257665	      266.211
	    0	8.48538e-11	    91.54	177.639	      6.84768	    87034.4	  1.18936   0.000976454	      254.975
	    0		  0	  88.8469	156.786	      10.5448	    86322.8	  1.19003   0.000524473	      252.747
	    0		  0	   85.848	151.782	      11.3996	    86254.8	  1.19008   0.000539735	      252.538
  1.16008e-08	5.72591e-11	  48.7942	234.272	      11.1521	    86522.4	  1.16557    0.00079466	      258.648
  1.05589e-07	 2.3559e-10	   35.237	262.195	      5.33934	    86608.3	  1.14543    0.00195147	      263.457
	    0	1.66603e-10	  77.5115	154.912	      9.15605	    86536.2	  1.18453   0.000901984	      254.547
	    0	1.25901e-10	  64.5209	162.565	      8.30888	      86239	  1.17418    0.00102249	       255.91
	    0	2.31106e-10	  70.5184	150.065	      7.40493	    86690.9	    1.199   0.000717797	      251.926
   3.4957e-08	1.23314e-09	  35.4134	206.193	      8.77703	    86405.3	  1.16161    0.00149368	      259.177
  1.15953e-08	1.23693e-09	  39.6883	259.412	      6.07227	    85854.5	   1.1223    0.00240081	      266.545
  2.32541e-08	5.06019e-10	  44.2076	 240.33	     0.680998	    85588.6	   1.1383    0.00194521	      261.986
  2.32044e-08	8.45089e-11	  35.8202	183.833	       5.3603	    86533.3	  1.20844   0.000575515	      249.503
  2.31796e-08		  0	  33.0885	213.148	      7.81829	    87280.9	  1.22073    0.00044396	      249.126
	    0		  0	  53.2489	146.505	       8.9968	    88126.3	  1.24774   0.000288907	      246.093
	    0		  0	  19.9294	237.305	      10.8175	    87766.9	   1.1869   0.000506096	      257.652
  7.01265e-08	2.21448e-10	  15.6286	263.715	      11.1478	    86720.1	  1.14817    0.00168379	      263.167
  4.65303e-08	5.13952e-10	  24.0289	251.961	      3.33472	    86853.9	  1.15645    0.00174757	      261.687
	    0		  0	   41.916	166.958	      8.90348	    86697.5	  1.18723   0.000845106	      254.443
  1.15788e-08	2.06961e-12	  41.6599	 172.45	      9.33569	    86546.6	  1.17481    0.00101982	      256.684
	    0		  0	  15.2414	240.285	      10.9173	    85963.7	  1.14072    0.00126869	      262.577
	    0		  0	  35.7591	 193.05	      10.8357	    86486.9	  1.16004   0.000868166	      259.775
	    0		  0	  29.7711	180.628	      10.3848	    86761.5	  1.15933    0.00108038	      260.758
	    0		  0	  31.6254	212.263	      9.04533	    86701.5	  1.14274    0.00140872	       264.36
	    0	2.05236e-10	    15.52	228.492	      12.1465	    86057.9	  1.12862    0.00136031	      265.682
	    0		  0	  16.9417	211.026	      10.6148	    86118.9	  1.12669    0.00161729	      266.325
  1.16671e-08		  0	   8.6909	265.387	      8.71398	    85971.1	  1.10979    0.00258083	      269.916
	    0		  0	  22.7616	196.323	      7.12606	    86121.2	  1.13981    0.00155264	      263.266
  1.15788e-08		  0	  11.5516	205.805	      4.53409	    86474.6	  1.17422    0.00102581		256.6
	    0	3.51833e-11	   14.747	209.523	      3.85975	    85864.9	  1.16643    0.00110174	      256.494
	    0	2.41799e-10	  18.5963	 173.69	      4.02408	      85719	  1.16804    0.00104065	      255.705
	    0	2.15239e-10	  18.7526	150.416	      6.35893	    86250.5	  1.19342    0.00078355	      251.817
	    0		  0	  13.1613	182.398	      9.66531	      86329	  1.17254    0.00085029	      256.534
  5.80373e-08	3.54937e-10	  4.46145	253.745	      6.69561	    86443.4	   1.1508    0.00164011	      261.728
  1.15788e-08		  0	  4.55743	237.383	      8.01058	    87053.4	  1.16527     0.0013282	      260.302
  1.15815e-08		  0	  6.64055	220.618	      8.21463	    87212.8	  1.16578    0.00145373	      260.665
  1.16505e-08		  0	  8.94752	245.677	      8.33635	    87022.9	  1.13952    0.00160853	      266.092
	    0	6.69173e-11	  5.32993	242.835	      9.60439	      86668	  1.13198    0.00210731	      266.771
  3.49267e-08	2.90435e-10	  2.92731	 264.13	      8.38899	    86318.3	  1.12992    0.00217636	      266.179
  1.15788e-08		  0	  3.09593	273.332	      10.5718	    85693.7	  1.10893    0.00211939	      269.254
  2.32982e-08	6.55375e-11	  2.37483	 247.16	      7.13681	    86460.3	   1.1519    0.00155242	       261.53
	    0		  0	  4.74303	185.809	      6.49393	    86781.8	  1.16866    0.00133344	      258.737
  2.32955e-08	6.00531e-10	  4.06551	230.306	      4.72283	    87118.1	  1.15277    0.00201036	      263.321
	    0		  0	  4.52281	164.503	      9.48443	    87089.7	   1.1706   0.000996539	      259.225
	    0		  0	  3.97439	159.022	      8.68628	    87215.8	  1.17849    0.00102865	      257.863
	    0		  0	  3.17109	169.554	      10.5039	    87007.4	  1.16031    0.00125866	      261.277
	    0		  0	  2.59342	190.423	       11.993	    87200.8	  1.15135    0.00126962	      263.894
	    0		  0	  2.12536	190.452	      13.8474	    86497.2	  1.13442    0.00109099	      265.673
	    0		  0	  1.52569	225.319	      11.2686	    85611.8	    1.119    0.00143337	      266.577
   1.1587e-08		  0	 0.688943	228.618	       7.9854	    85020.2	   1.1309    0.00133167	      261.949
  1.15843e-08		  0	 0.880375	185.149	      7.81259	    85213.1	  1.15963   0.000944474	      256.037
	    0		  0	 0.700153	154.836	       9.2046	    85568.6	  1.18359   0.000653272	      251.902
	    0		  0	 0.194129	191.134	      7.10807	    86760.5	  1.19515    0.00078274	      252.939
  1.16339e-08		  0	  0.26024	205.923	      9.08352	    87555.1	   1.2004    0.00076439	      254.139
  1.75961e-07	2.41454e-10	0.0931478	261.005	      10.3069	    87076.5	  1.16018    0.00167954	      261.514
  3.47887e-08		  0	0.0737227	221.603	       7.7042	    86703.3	  1.19183   0.000855749	      253.478
  2.31851e-08		  0	0.0444617	214.267	      3.81243	    86974.9	   1.2077   0.000638486	      250.931
	    0		  0	0.0055437	146.297	      11.7066	    87275.5	  1.23207   0.000357737	      246.817
  8.19867e-08	1.52461e-10    8.7195e-07	254.569	      10.7883	    87045.9	  1.16067     0.0014787	       261.31
  1.16822e-07	 2.6215e-11   6.61721e-07	279.793	      5.81603	    86181.3	   1.1276    0.00245159	      266.304
  8.21882e-08	5.38097e-11    1.2165e-06	258.967	      6.05114	    85380.8	  1.11243    0.00257504	      267.428
  7.07778e-08	5.02569e-10   1.16683e-06	 252.88	      8.13854	    86196.5	  1.14161    0.00176004	      263.081
	    0		  0   1.85252e-06	210.166	      12.8578	    86147.1	  1.14068    0.00105522	      263.146
	    0		  0   2.11955e-06	192.111	       10.169	    86310.8	  1.15679   0.000965739	      259.974
	    0		  0   2.41578e-06	172.174	      10.6015	    85520.5	  1.14361    0.00113249	      260.562
  1.15843e-08		  0   1.57104e-06	237.326	      6.34667	    84799.5	  1.12805    0.00147781	      261.929
  2.32265e-08		  0   1.51747e-06	226.454	      5.77015	    86245.7	  1.17536    0.00100422	      255.674
  2.33865e-08	2.75947e-11   1.68062e-06	215.479	       8.7951	    86612.5	  1.16713    0.00112462	       258.57
  7.00244e-08		  0   1.00895e-06	250.156	      6.24535	    86482.5	  1.16279    0.00137302	      259.146
  8.17274e-08		  0   1.10153e-06	229.199	      4.44147	    87499.2	  1.20291   0.000848316	      253.449
  1.15843e-08		  0   2.07903e-06	160.592	      10.5787	    88966.8	  1.23922   0.000406954	      250.149
	    0	8.02317e-10   1.31792e-06	240.887	      13.2024	    87978.6	  1.16414   0.000858847	      263.325
  4.66848e-08	2.31796e-10   7.88514e-07	263.254	      13.9094	    86703.4	  1.15095    0.00173135	      262.481
  9.33889e-08		  0   8.99549e-07	244.843	      7.51264	      86626	  1.17042     0.0012425	      257.884
	    0		  0   2.40654e-06	142.658	      11.0166	    85940.1	  1.19305   0.000411955	      250.989
	    0		  0   2.28607e-06	159.574	      13.2409	    85673.2	  1.17917   0.000414715	      253.156
  1.16174e-08	  5.243e-11    9.8065e-07	254.094	      15.6055	    85017.7	  1.12479    0.00132824	      263.363
   1.1576e-08		  0   1.26564e-06	253.762	      11.6755	    84614.1	  1.10922    0.00177469	      265.793
  3.48522e-08	9.31323e-12   1.43082e-06	228.483	      6.80728	    85161.3	  1.16005    0.00109721	      255.791
	    0		  0   1.85115e-06	185.467	      14.6303	    84968.5	  1.15852   0.000599389	      255.548
  3.48273e-08		  0   7.62513e-07	 223.76	      6.77948	    85047.9	   1.1705   0.000781204	      253.169
  1.16174e-08		  0   1.62385e-06	202.063	      5.97857	    85868.5	  1.20845   0.000444141	      247.585
	    0		  0   2.18395e-06	135.522	      9.88348	    86808.8	  1.24323   0.000251047	      243.294
  1.15815e-08		  0   1.40085e-06	223.983	      12.3704	    86039.6	  1.17232   0.000666341	      255.724
   1.1576e-08		  0   1.09167e-06	243.095	      10.7197	    85529.1	  1.15567   0.000932498	      257.868
  2.31823e-08		  0   1.49183e-06	206.391	      1.51027	    84575.9	  1.18718   0.000523945	      248.227
	    0		  0   1.86723e-06	158.516	      1.75586	      83906	  1.21896   0.000254306	      239.841
	    0		  0   2.05366e-06	128.503	       6.7692	    84197.4	  1.24636   0.000133355	      235.382
	    0		  0   2.38313e-06	117.084	      7.95587	    83410.3	  1.20472   0.000205464	      241.241
	    0		  0   2.33898e-06	111.165	      10.1018	    84139.3	  1.22983    0.00017571	       238.38
	    0		  0   1.96966e-06	127.619	      9.13898	    84064.4	  1.23503   0.000163292	      237.166
	    0		  0   1.64811e-06	156.932	       5.1629	    83826.7	  1.22759   0.000138251	      237.928
	    0		  0   1.88024e-06	158.391	      2.77617	    83840.9	  1.18365   0.000312951	      246.804
	    0	6.55375e-12   1.90353e-06	 143.62	      5.23806	    84499.6	  1.19118   0.000370753	      247.169
	    0		  0   1.92584e-06	151.396	      7.77594	    84578.2	  1.17737   0.000402242	      250.302
	    0		  0   1.99195e-06	157.223	      14.0101	    84319.1	  1.13644   0.000581686	      258.523
