      244.569	   0.796271   3.39922e-07   1.33938e-09		    0  -2.31407e-10	   -81.71      -3.24128
      248.867	   0.806321   3.27833e-07   4.12552e-10		    0	-1.0947e-10	 -48.4851      -1.04922
      236.955	   0.827654   3.52813e-07   5.08626e-11		    0  -2.44743e-11	 -55.1665     -0.118388
      239.513	   0.810403    3.2897e-07   6.21654e-10		    0  -1.23475e-10	 -66.7556      -1.55764
      242.709	   0.808512   3.48027e-07   6.72517e-10		    0  -1.20957e-10	 -49.4955      -1.68562
      236.809	   0.820691    3.3599e-07   5.70792e-10		    0  -1.24802e-10	  -52.066      -1.38023
      239.465	   0.820735   3.35697e-07   2.37359e-10		    0  -6.04694e-11	 -63.6557     -0.607439
      237.825	   0.825456   3.50763e-07   3.44736e-10		    0  -7.71252e-11	 -60.8224     -0.866855
      235.696	   0.825098   3.55361e-07   2.99524e-10		    0  -7.78689e-11	 -54.0089     -0.750546
       235.62	   0.819196   3.24679e-07   5.08626e-10		    0  -1.23197e-10	 -56.9642      -1.27862
      236.912	   0.798664   3.16236e-07   4.29507e-10		    0  -9.80207e-11	 -42.5479      -1.09168
      235.574	   0.807792   3.06041e-07   3.89947e-10		    0  -8.28526e-11	 -43.6427     -0.972468
      231.607	   0.821509   2.83041e-07   2.65616e-10		    0  -6.08236e-11	 -37.6877     -0.648907
      227.212	    0.81046    2.7275e-07   1.80845e-10		    0	-5.8852e-11	 -38.7618      -0.45517
      229.503	   0.786993   2.61117e-07   2.31708e-10		    0  -6.54899e-11	 -37.4309     -0.578598
      232.896	   0.786433    2.4261e-07   1.46936e-10		    0  -4.73679e-11	 -17.0652     -0.360706
      231.345	    0.78679   2.51634e-07   1.16701e-08		    0	1.15498e-08	 -15.0627     -0.219593
      225.975	   0.799611   2.52547e-07   8.47711e-11		    0  -3.55108e-11	 -26.3617     -0.240638
      223.184	   0.786833   2.38259e-07   1.13028e-10		    0  -2.67949e-11	 -33.7759     -0.260752
       221.87	   0.788062   2.36346e-07   1.18679e-10		    0  -3.51375e-11	 -42.8332     -0.274505
      223.498	   0.804363   2.42103e-07   1.41285e-10		    0  -3.64295e-11	 -51.8287     -0.370773
      225.653	   0.812909   2.35513e-07   2.26056e-10		    0  -7.19478e-11	 -60.6332     -0.556872
      233.476	   0.801048   2.10686e-07   1.97799e-10		    0  -4.50062e-11	  -32.129      -0.47195
      228.774	   0.810987   2.10977e-07    2.8257e-10		    0  -5.08985e-11	 -46.9099     -0.609148
      237.993	   0.811414   2.08563e-07   7.40334e-10		    0	-1.4504e-10	  -75.669      -1.63589
      238.368	   0.822518   1.81597e-07   4.06901e-10		    0  -1.09145e-10	  -50.524      -1.05416
      231.796	   0.819693   1.84354e-07   2.59965e-10		    0  -4.70897e-11	 -35.4461     -0.610769
      228.095	    0.82263   1.82646e-07   1.29982e-10		    0  -2.40171e-11	  -38.559     -0.308466
      223.517	   0.819222   1.77377e-07   1.24331e-10		    0  -1.90873e-11	 -37.2558     -0.245892
       223.77	   0.799563   1.65572e-07   1.58239e-10		    0  -3.68545e-11	 -47.0158     -0.370946
      224.584	   0.793135   1.59342e-07   1.86496e-10		    0  -4.67538e-11	 -52.9882     -0.446178
      224.603	   0.814237   1.58502e-07   1.58239e-10		    0  -3.20101e-11	 -47.3619     -0.368095
      229.404	   0.819515   1.67018e-07   2.93873e-10		    0  -5.34324e-11	 -69.3132     -0.675728
      229.869	   0.820239   1.51135e-07   2.37359e-10		    0  -6.03138e-11	 -47.6092     -0.571614
      227.108	   0.814888    1.4346e-07   1.92148e-10		    0  -5.71432e-11	 -39.9211     -0.448329
      226.834	   0.795731   1.33807e-07   1.29982e-10		    0  -1.61894e-11	  -29.098     -0.334109
      224.729	   0.787066   1.34775e-07   1.24331e-10		    0  -2.10149e-11	 -29.0163     -0.275239
      222.946	   0.785593   1.31895e-07   1.13028e-10		    0	-1.9752e-11	 -31.8084     -0.241264
      228.666	   0.785576   1.19798e-07   1.29982e-10		    0  -1.98039e-11	 -27.4869      -0.30163
      230.181	   0.785513   1.18864e-07   6.21654e-11		    0  -2.72415e-11	 -19.9346     -0.133713
      229.404	   0.785746   1.06951e-07    1.1591e-08		    0	1.15828e-08	 -13.6378    -0.0319481
      233.967	   0.785805   9.39776e-08    5.6514e-11		    0  -1.41092e-11	 -15.5032     -0.101946
      234.421	   0.806734   1.07416e-07   1.01725e-10		    0  -9.01141e-12	 -30.1984     -0.229585
      235.007	    0.81775   1.10734e-07   5.87746e-10		    0  -1.18941e-10	 -88.2682      -1.42388
      244.863	   0.810286	 1.05e-07   3.50387e-10		    0  -5.30499e-11	  -83.636     -0.820754
      244.357	   0.810509   1.05172e-07  -5.08626e-11		    0  -8.13593e-11	 -72.3988      0.158968
	239.4	   0.822072    1.1149e-07   3.39084e-11		    0  -1.14725e-11	 -65.9672    -0.0641398
      234.181	   0.822122   1.17765e-07   1.07377e-10		    0  -1.65505e-11	 -47.1133     -0.242417
      230.017	    0.81515   1.24444e-07   2.03451e-10		    0  -2.98599e-11	 -40.9592     -0.459086
       228.36	   0.822327    0.00440888	      0		    0  -1.36992e-11	 -44.6873     0.0209691
      226.509	   0.817444	0.0196564   1.80845e-10		    0  -4.12229e-11	 -49.2562     -0.409053
      223.146	   0.796767	0.0561896   1.24331e-10		    0  -8.05633e-12	 -32.1938     -0.242017
      222.805	   0.801465	 0.113358   1.29982e-10		    0  -1.65438e-11	 -39.8504     -0.288726
       223.32	   0.785115	 0.199162   1.24331e-10		    0  -2.09114e-11	 -36.0117     -0.285615
      222.725	   0.786513	 0.327561   1.29982e-10		    0  -1.58205e-11	 -37.1676     -0.271328
       223.25	   0.785145	 0.474922   1.24331e-10		    0  -2.38501e-11	 -39.0739     -0.307869
      226.984	   0.785459	 0.304692   1.17945e-08		    0	1.15339e-08	 -41.1908     -0.472063
       236.73	   0.785495	 0.307663   1.69542e-10		    0  -1.74576e-11	 -17.5115     -0.375987
      236.473	   0.785786	 0.383096    1.1721e-08		    0	1.15477e-08	 -16.6818     -0.354061
      238.255	   0.785724	 0.592397   9.04225e-11		    0  -2.66811e-11	 -15.5216      -0.23534
       236.73	    0.80273	  1.02967   1.16645e-08		    0	1.15541e-08	 -16.0973     -0.212694
      227.921	   0.786066	  1.70607   1.97799e-10		    0  -5.73946e-11	 -40.0186     -0.503775
      223.663	   0.786089	  2.23723   1.07377e-10		    0  -3.66911e-11	 -33.3662     -0.277219
      218.194	   0.786101	  2.68886   5.08626e-11		    0  -4.35859e-11	 -29.2387     -0.109048
      222.878	   0.792348	  2.26821   1.13028e-10		    0  -2.30749e-11	 -44.4572     -0.275932
      239.607	   0.786484	  1.47521   1.17154e-08		    0	1.15695e-08	  -14.385     -0.285482
      238.503	   0.786784	  1.80134    1.1721e-08		    0	1.15449e-08	 -13.7512     -0.356579
      237.836	   0.787069	  3.28922   1.16701e-08		    0	1.15492e-08	 -15.4254     -0.228754
      228.873	   0.787086	  4.10646   1.46936e-10		    0  -5.69838e-11	 -28.3718     -0.386518
      224.862	   0.787109	  5.09284   8.47711e-11		    0  -4.89051e-11	 -25.4494     -0.233015
      218.392	   0.800013	  5.80397   4.52112e-11		    0  -2.30958e-11	 -22.4628    -0.0858651
      215.781	     0.8065	  6.07841    5.6514e-12		    0	1.39146e-12	 -25.4412    -0.0673498
      218.872	   0.804199	  6.76663   3.95598e-11		    0  -5.85892e-11	 -43.3105     -0.167733
      220.203	   0.808936	  6.91124   3.39084e-11		    0  -6.42406e-11	 -30.3985     -0.136849
      219.506	   0.787159	  7.65425   3.39084e-11		    0  -6.40351e-11	 -22.7979     -0.105296
      223.129	    0.78715	  7.07929   3.95598e-11		    0  -5.85591e-11	 -18.0585     -0.133442
      224.952	   0.787144	  7.45629   1.07377e-10		    0	-6.5082e-11	 -34.3631     -0.319686
      225.135	    0.80246	   9.7074   1.07377e-10		    0  -5.36303e-11	 -32.7381     -0.304619
      229.094	   0.787118	  7.19632   1.18566e-08		    0	1.15125e-08	  -51.748     -0.666778
      243.776	   0.787493	  5.19457   2.03451e-10		    0	-1.8959e-11	 -13.8158     -0.492904
      236.048	   0.810541	  10.2178   8.47711e-11		    0  -4.30171e-11	 -11.4031     -0.232144
      230.863	   0.789254	  9.00899   1.58239e-10		    0  -5.46391e-11	 -28.6802     -0.414011
      231.957	   0.812974	  12.2859   6.21654e-11		    0  -5.08927e-11	 -37.6496     -0.218627
      238.795	   0.788113	  10.4617   4.46461e-10		    0  -1.19932e-10	  -53.048      -1.15243
      240.265	   0.787468	   12.265   1.17267e-08		    0	1.15191e-08	 -7.91205      -0.41985
      237.132	   0.790594	  10.3979   1.69542e-10		    0  -6.01086e-11	 -19.1039     -0.453383
      239.162	   0.787446	  7.85759    1.1591e-08		    0	 1.1534e-08	 -7.09599    -0.0811512
       238.62	   0.787586	  10.3388  -1.69542e-11		    0  -2.56248e-11	 0.653732     0.0390934
       230.71	   0.796269	  17.0182   1.46936e-10		    0  -6.48068e-11	 -23.5603     -0.383681
      232.843	   0.795921	  19.1289   2.59965e-10		    0  -5.99591e-11	 -28.4078     -0.545589
      234.452	   0.788457	   18.585   4.06901e-10		    0  -8.95112e-11	 -48.7439     -0.969916
      250.886	     0.7876	  10.6655   1.18227e-08		    0	1.14951e-08	 -15.4594     -0.546411
      247.573	   0.788173	  15.1471   1.16645e-08		    0	1.15626e-08	  -7.6229     -0.243363
       244.08	   0.788029	  14.9074    1.1608e-08		    0	1.15395e-08	 -3.24961     -0.113688
      242.666	   0.790513	  21.8824  -2.26056e-11		    0  -4.42389e-11	 -7.31015     0.0486018
       235.08	    0.79261	  25.3281  -1.18679e-10		    0  -1.18679e-10	 -38.2967      0.300701
      235.389	   0.792595	  24.2973  -1.35634e-10		    0  -1.35634e-10	 -27.3107      0.331632
      236.705	    0.79006	  26.4027   1.13028e-11		    0  -6.75255e-11	  -14.076     -0.108143
      236.573	   0.788084	   15.971   1.80845e-10		    0  -6.15829e-11	 -16.5093     -0.371078
      246.467	   0.788478	   15.239   2.32499e-08		    0	2.31025e-08	-0.212669     -0.161885
      246.664	   0.789586	  11.8888   4.63302e-08		    0	4.63302e-08	  6.31322      0.367752
      246.023	   0.789808	  18.6016  -8.47711e-11		    0  -8.58141e-11	 0.441026      0.222481
      239.789	   0.784316	  32.9875   1.92148e-10		    0  -5.44475e-11	 -22.7192     -0.488371
       242.51	   0.789986	  23.7744   1.19245e-08		    0	1.15262e-08	   -26.88     -0.830321
      243.176	   0.784996	  30.0252   1.35634e-10		    0  -4.40119e-11	  -11.318     -0.359144
      241.101	   0.792035	  23.5058   1.13028e-11		    0  -5.42536e-11	 -3.21062    -0.0343302
      236.776	   0.787291	   34.117   1.69542e-11		    0  -5.38922e-11	 -14.0134     -0.095165
      238.849	   0.779734	  39.8572   8.47711e-11		    0  -1.27786e-10	 -36.9315     -0.195844
      237.553	   0.778378	  40.5205   1.07377e-10		    0  -3.88498e-11	 -41.7635     -0.273461
      244.939	   0.789564	  28.6514   1.69542e-10		    0  -1.83635e-10	  -5.3072     -0.414261
      244.938	   0.789605	   24.468   1.15289e-08		    0	1.15284e-08	  3.02969      0.123286
      242.018	   0.776175	  43.1882  -3.39084e-11		    0  -7.35207e-11	 -10.7651     0.0660304
      239.766	   0.783379	  36.9748  -3.39084e-11		    0  -7.97028e-11	 -15.5517     0.0372971
      241.191	   0.771687	  46.3616    2.8257e-11		    0  -5.54068e-11	 -8.52203     -0.142171
      242.511	   0.790413	  37.7632  -2.26056e-11		    0  -1.50951e-10	 -13.1712     0.0525881
      242.043	   0.773127	  50.6833  -6.21654e-11		    0  -8.57626e-11	 -14.8833      0.136998
      243.469	   0.793831	  37.9097  -2.54313e-10		    0	-3.1564e-10	 -23.7088      0.604943
      250.122	   0.790268	  22.1625   2.28712e-08		    0	2.28665e-08	  13.7832      0.844248
      248.793	   0.790655	  34.6011   1.13141e-08		    0	1.13141e-08	  13.3804      0.704669
      244.781	   0.788511	  44.1864   1.16815e-08		    0	1.15402e-08	 -5.06601     -0.275553
      245.837	   0.790774	  44.0308  -1.18679e-10		    0  -2.32544e-10	 -12.7675      0.273938
      247.387	   0.795391	   39.359  -6.21654e-10		    0  -6.21654e-10	 -20.4221	 1.5535
      254.191	   0.791015	  40.0123   1.12915e-08		    0	1.12824e-08	  3.89142      0.712478
      253.063	    0.79153	  40.7308   1.14441e-08		    0	1.13282e-08	 0.372088      0.367861
      251.435	   0.791581	  46.5424  -2.48662e-10		    0  -2.53963e-10	   5.9016      0.642782
      247.519	   0.768957	  62.2849   3.33433e-10		    0  -3.61212e-11	 -16.9394      -0.80594
      248.506	   0.770148	  65.1913   4.57764e-10		    0  -3.01674e-11	 -17.7626      -1.08226
      250.276	   0.789961	  53.6666   9.60739e-10		    0	 -1.006e-10	 -26.9117      -2.18978
      261.438	   0.763344	  61.9054   1.16193e-08		    0	1.12501e-08	 -7.80525    -0.0252039
      260.376	   0.786483	  55.2225  -4.06901e-10		    0  -4.07687e-10	 -22.0534	1.01715
      262.891	   0.792293	  47.4482   1.16645e-08		    0	  1.149e-08	  2.00506     -0.237475
      256.826	   0.779722	  61.8397   3.39084e-11		    0  -7.09199e-11	  -2.2703    -0.0802371
       257.96	   0.808798	  38.1725   1.17662e-08		    0	1.14731e-08	 -20.9738     -0.412942
      262.157	   0.824511	  31.5167   2.31764e-08		    0	2.26887e-08	  3.21148     0.0505336
      259.458	   0.819181	  42.9865   1.12067e-08		    0	1.08248e-08	  2.31122      0.954556
      256.196	   0.815685	  55.1366    1.1851e-08		    0	1.14112e-08	 -8.28183      -0.62369
      254.522	   0.792972	  67.1142   3.89947e-10		    0  -1.80233e-10	 -13.4945     -0.874499
      251.599	   0.789463	  70.0047    3.2213e-10		    0  -9.25399e-11	 -9.03542     -0.646009
       252.18	   0.785131	  70.8693   2.20405e-10		    0  -1.66451e-10	 -9.41773     -0.313105
      261.473	    0.81487	  33.0395   1.05568e-08		    0	1.05439e-08	  11.5624	2.61621
       261.28	   0.814059	  45.8149   1.11276e-08		    0	 1.0968e-08	  13.0617	1.18687
      259.433	   0.813836	  45.3077   3.38858e-08		    0	3.38134e-08	  28.5105	2.55733
      253.108	   0.808718	  54.5019    1.1122e-08		    0	1.10754e-08	  14.0658	1.15806
       254.35	   0.818445	  46.7344   2.27695e-08		    0	2.26598e-08	 0.579924	 1.0715
       256.61	    0.78485	  68.8235   -2.8257e-10		    0  -3.59163e-10	 0.982747      0.716489
      250.872	   0.785299	  77.9149  -6.78168e-11		    0  -2.64488e-10	 -2.03544	0.27675
      250.789	   0.786202	  77.3344  -3.95598e-11		    0  -2.35367e-10	-0.366809      0.177873
      249.239	   0.779415	  81.4998   -2.8257e-11		    0  -1.23456e-10	  1.65821	0.14089
      250.043	   0.779665	  82.9335  -9.04225e-11		    0  -2.39909e-10	 -2.30045      0.309889
      253.306	   0.796336	  70.9522  -6.38609e-10		    0  -7.71523e-10	  -1.8204	1.61084
       253.78	   0.779347	  82.6914  -5.48186e-10		    0	-6.2143e-10	  -3.4898	1.38463
      256.428	   0.781271	  83.1536  -1.41285e-10		    0  -5.09549e-10	 -12.2519      0.400096
      263.801	   0.834527	  42.1515   1.16871e-08		    0	1.10909e-08	 -1.26407     -0.145796
      263.205	   0.807821	  68.0753  -2.88222e-10		    0  -5.45291e-10	  -15.368      0.751066
      261.974	   0.834579	  57.3651    1.1964e-08		    0	1.12417e-08	 -8.24824     -0.935833
      259.226	   0.809126	  72.6349   2.76919e-10		    0  -2.74328e-10	 -15.3766     -0.671464
      261.907	   0.832104	  58.3604    1.1461e-08		    0	1.08117e-08	  -3.1675      0.297696
      261.699	   0.801007	  73.5058  -1.58239e-10	  3.88694e-10  -5.64326e-10	  -11.242      0.407389
      261.143	   0.793287	   81.482  -5.02975e-10	  5.16203e-09	1.34772e-09	 -18.5935	1.25732
      264.781	   0.804948	  73.1964   9.83344e-10	  8.76748e-09	4.21181e-09	 -14.4723	-2.4316
      266.204	   0.813962	  60.0932   3.95598e-11	  1.66622e-09  -6.81561e-09	  1.72092     -0.093427
      260.234	   0.788153	  82.8987   2.09102e-10	  4.00838e-09  -2.72426e-10	 -4.72325     -0.427952
      260.988	   0.798206	  78.4721  -1.13028e-10	  1.70363e-09  -6.74789e-10	 -9.39496      0.252621
      264.749	   0.796475	  74.3928  -8.47711e-11	  6.90713e-09	1.57145e-09	 -3.91454      0.209356
      263.094	   0.791804	  74.7157  -2.76919e-10	  1.48919e-09	-2.4075e-09	  4.90677      0.681718
      265.574	   0.783249	  79.5686  -1.24896e-09	  1.38146e-08	9.28981e-09	 -7.79207	3.12341
      262.851	   0.780203	  89.0909   -6.4426e-10	  1.39117e-08  -1.23028e-09	 -11.5074	1.60619
      263.911	   0.791523	  80.4182  -3.10827e-10	  1.27015e-08  -1.08322e-09	 -2.22645      0.748669
      265.237	   0.790282	  79.6644  -1.18114e-09	  9.62439e-09  -9.80583e-09	 -5.27259	2.93797
      264.854	   0.779463	  89.3974  -1.13028e-09	  3.29778e-09  -2.20663e-09	  -15.125	2.88053
      266.515	   0.794893	  77.3258  -9.88996e-10	  5.99515e-09  -1.06904e-09	 -10.3809	2.51751
      265.018	   0.779329	  89.2127  -5.82095e-10	  7.11356e-09  -9.17294e-10	 -9.81119	 1.4555
      265.168	   0.778433	  89.7586  -4.69066e-10	  7.30383e-09  -7.07695e-10	 -11.1741	 1.1158
       265.23	   0.776317	  89.9875  -5.93397e-10	  7.37686e-09  -9.80723e-10	 -7.77248	1.48943
       265.28	   0.773438	  91.0818  -7.00774e-10	    7.718e-09  -9.79194e-10	 -8.76841	1.75094
      265.709	   0.770505	  91.8913  -6.38609e-10	  7.55333e-09  -9.45733e-10	 -9.27612	1.64333
      265.017	   0.767526	  93.1644   1.75194e-10	  5.45259e-09  -3.63809e-10	 -3.86581     -0.210842
      264.645	   0.765357	  93.9376   9.60739e-11	  6.09677e-09  -4.47863e-10	 -3.45436     -0.072545
      264.317	   0.769717	  91.0904  -9.60739e-11	  5.65892e-09  -4.14065e-10	 -1.84343      0.279805
      263.654	   0.761114	  96.1167  -1.32808e-09	  6.44426e-10  -1.56897e-09	 -7.12417	3.31435
      263.199	   0.758324	  97.5185  -1.07377e-09		    0  -1.24895e-09	 -9.25539	2.68144
      263.285	   0.757827	  95.9284  -5.48186e-10	   1.3192e-09  -9.60268e-10	 -3.16479	1.44519
      266.681	   0.776292	  71.5761  -1.32808e-09	  1.18385e-08  -1.44866e-09	  4.77233	3.50791
      265.578	   0.748047	  94.8498  -1.19245e-09	  4.84348e-09  -1.27574e-09	  2.56977	3.00758
      263.502	   0.767979	  88.8061  -1.80845e-09		    0  -1.84679e-09	 -1.47215	4.57958
      265.768	   0.772211	   83.071  -1.30547e-09		    0  -1.32186e-09	 -3.01019	3.29274
      263.067	   0.764741	  90.9689  -1.36199e-09		    0  -1.41456e-09	 -3.27939	3.46677
      265.551	   0.799919	  57.6619   1.00256e-08		    0	9.86226e-09	   2.5469	3.99123
      267.527	   0.842699	  39.3056   1.20601e-08		    0	1.06526e-08	  5.44079	 2.1922
      269.109	   0.837563	  30.6986   1.20121e-07	  3.85374e-10	1.16906e-07	  17.8986      -1.09298
      271.027	   0.838622	  41.1894   2.59399e-08	  1.04543e-08	2.66374e-08	  19.7529     0.0439998
      265.256	   0.868136	  39.8914   3.50783e-08		    0	3.07504e-08	  7.62861    -0.0282809
      253.427	   0.831659	  64.6863   4.74718e-10		    0	-6.4809e-11	 -10.8744     -0.952218
      257.017	   0.832217	  62.2001   7.29031e-10		    0  -8.03835e-11	 -11.1551      -1.59109
      253.851	   0.842362	  58.0929   2.93873e-10		    0  -5.43589e-11	 -5.91062     -0.649503
      252.775	   0.827664	  63.9163   2.99524e-10		    0  -4.88041e-11	 -7.52156     -0.668272
      249.957	   0.823891	  66.4958   2.59965e-10		    0  -2.86938e-11	 -7.72905     -0.425673
      250.682	   0.820932	  66.7162   1.80845e-10		    0  -6.30608e-11	 -7.03874     -0.238546
      254.388	   0.823659	    63.35  -3.27781e-10		    0  -5.04553e-10	 -13.6421      0.912072
      262.906	   0.825378	  52.0173  -1.20375e-09		    0  -1.72305e-09	 -7.95177	4.34542
      259.524	   0.806162	  68.9294   1.97799e-10		    0  -3.32841e-10	 -21.2419     -0.472461
       261.04	   0.818102	  56.3256   3.05176e-10		    0  -3.21063e-10	 -7.30538     -0.759896
      266.841	   0.826981	  41.8454   2.02659e-08	   4.2331e-10	1.99862e-08	 -1.50878	7.51145
      263.327	   0.796318	  66.8941  -1.71238e-09		    0  -1.75649e-09	  -25.014	4.31195
      265.208	   0.835819	  46.6346   1.23822e-08		    0	1.14462e-08	 -10.3665      -2.01359
      268.418	   0.837235	  37.0172   5.95375e-08	  8.28809e-10	 5.7889e-08	    6.417      -1.98874
      268.641	   0.843169	  34.2957   2.38489e-08	  4.24345e-09	2.30659e-08	  2.79182      -1.38788
      264.998	   0.840961	   36.854   1.20884e-08		    0	1.14416e-08	 -3.43669      -1.19357
      262.711	   0.839726	  44.8562   1.20657e-08		    0	1.15108e-08	 -2.94769      -1.06788
      258.616	   0.808513	  57.8826   6.16003e-10		    0  -2.13679e-10	 -11.2595      -1.13779
      268.731	   0.836129	  22.5162   4.83704e-08		    0	4.65805e-08	   6.8698     -0.168003
      272.508	   0.809113	  43.3509  -4.46461e-10	  3.81107e-08	2.48996e-08	 -23.6064	3.66884
      269.821	   0.749932	  74.4297  -2.28317e-09	  2.22324e-08  -1.47704e-08	 -27.9294	5.81451
      265.644	   0.755472	  71.3185  -2.03451e-10	  2.25503e-09  -1.30728e-08	 -9.17371      0.564678
       263.77	   0.774403	  61.8043   1.19245e-08	  1.54061e-11	1.11649e-08	  3.12909     -0.194092
      265.127	   0.835639	  41.4101   4.69066e-10		    0	1.30192e-11	 -4.52438      -1.02253
       264.15	   0.844408	  28.1743   1.20657e-08		    0	1.14087e-08	 -5.37996      -0.76968
      262.548	   0.801724	  45.7918   2.35664e-08		    0	2.32008e-08	 -2.22698     -0.778029
      259.668	   0.805876	  49.3339   1.45806e-09		    0	-1.1156e-10	 -10.4884      -1.16557
      265.057	   0.834057	  34.7183   1.23822e-08		    0	1.15468e-08	  3.57993     -0.650327
      257.439	   0.819042	  45.8757   4.29507e-10		    0  -8.67634e-11	 -9.14629     -0.817035
      255.236	   0.819114	  47.0103    2.8257e-10		    0  -8.71056e-11	 -15.8528     -0.579344
      256.664	   0.816089	   46.563   5.53838e-10		    0  -2.84502e-10	 -22.3081      -1.12976
      263.225	   0.831827	  35.6746   1.38459e-09		    0  -2.30477e-10	 -8.88844      -2.09035
      256.882	    0.82369	  39.6011   4.86021e-10		    0  -4.44938e-11	 -7.80265      -0.98994
      255.214	    0.82147	  39.5259   3.84295e-10		    0  -4.63647e-11	 -9.11223     -0.679665
      260.167	   0.825506	  35.7518   5.82095e-10		    0  -3.89583e-11	 -9.82405      -1.39591
      258.556	   0.806958	  43.5829   1.13028e-10		    0  -4.14925e-10	 -30.8222     -0.212743
      259.969	   0.806711	   41.735   6.16003e-10		    0  -2.00153e-10	 -37.4483      -1.47925
      260.549	   0.805406	   41.734   4.69066e-10		    0  -2.64668e-10	  -35.079      -1.12871
      263.164	   0.810442	  37.1839  -3.39084e-11		    0  -5.76203e-10	 -37.6928	0.12471
      261.739	   0.806635	  39.0026    7.2338e-10		    0  -2.95276e-10	 -36.1368      -1.80689
      255.964	   0.807228	  38.2559   7.40334e-10		    0  -1.58069e-10	 -27.9717      -1.83815
      253.961	   0.808504	  36.7028   5.08626e-10		    0  -1.68926e-10	 -25.4722      -1.25834
      256.981	   0.808542	  36.0083  -1.18679e-10		    0  -4.42672e-10	 -34.1654      0.257564
      256.821	    0.80935	   34.879   2.31708e-10		    0  -3.36507e-10	 -34.9604     -0.651337
      254.272	    0.81029	  34.0614   5.53838e-10		    0  -1.06361e-10	 -34.7851      -1.40658
      252.865	    0.81125	  32.6943   9.43784e-10		    0  -1.41578e-10	  -30.448	-2.3433
      253.523	   0.815037	  26.7279   9.55087e-10		    0  -1.25269e-10	  -22.833      -2.20281
      254.869	   0.816789	  26.5594   8.19453e-10		    0  -1.16449e-10	 -22.0032      -2.06911
       252.11	   0.821515	  22.4012   6.27306e-10		    0  -1.04618e-10	 -19.3472      -1.50795
      250.095	   0.815366	  27.1441   4.46461e-10		    0  -7.24604e-11	 -14.8873      -1.12292
      245.544	   0.815276	  27.2811   5.31232e-10		    0  -8.75498e-11	 -19.9287      -1.07121
      245.875	   0.817273	  26.5358   5.48186e-10		    0  -8.58534e-11	 -19.7089      -1.22811
      243.865	   0.815512	  26.3028   7.00774e-10		    0	-8.7768e-11	  -22.681      -1.17504
       244.13	   0.818329	  25.0663   8.19453e-10		    0	-9.2204e-11	 -26.2979	-1.3253
      251.632	   0.824446	  15.0857    1.2467e-08		    0	1.14869e-08	 -21.6345      -1.72712
      247.102	   0.819507	  22.7633    7.2338e-10		    0  -8.72615e-11	 -22.9689      -1.47913
      247.402	   0.823844	   22.099   1.13028e-09		    0  -1.50481e-10	 -45.8235	-2.5142
      248.796	   0.821901	  20.9889    1.3959e-09		    0  -1.76427e-10	 -42.0002	 -2.974
      244.784	   0.824045	  19.9368   5.76443e-10		    0  -8.42992e-11	 -25.6655      -1.23458
      241.553	   0.824749	  19.4975   4.86021e-10		    0  -6.11451e-11	 -27.5892     -0.995322
      245.955	   0.819131	  18.0533    1.0003e-09		    0  -1.45913e-10	 -38.3467      -2.22473
      257.029	   0.814896	  8.98041    2.3459e-08		    0	 2.3163e-08	 -5.09319     -0.659431
      248.238	   0.825458	  16.7891   4.52112e-10		    0  -5.45334e-11	 -27.0884      -1.08238
      241.991	   0.826054	  16.1231   3.78644e-10		    0  -6.11472e-11	 -28.0258     -0.912499
      241.976	   0.824623	  15.4946   7.29031e-10		    0  -1.24532e-10	 -37.4912      -1.71093
      240.502	   0.815457	  15.1034    6.4426e-10		    0  -7.15566e-11	 -27.8349      -1.15036
	240.7	   0.818894	  14.6284   5.82095e-10		    0  -8.15184e-11	 -29.3839      -1.16823
      235.904	   0.824748	  13.9526   3.72993e-10		    0  -4.68607e-11	 -29.2491     -0.636819
      234.211	   0.824892	  12.8077   2.48662e-10		    0  -4.30103e-11	 -26.0266     -0.564906
      237.378	   0.822143	  12.6773   5.82095e-10		    0  -9.17987e-11	 -40.3241      -1.28998
      245.512	   0.822942	  10.7869   3.05176e-10		    0  -1.52654e-10	 -37.2503     -0.680389
      250.506	   0.819122	  8.78117  -1.11898e-09		    0  -1.11898e-09	 -45.1615	2.83712
      258.947	   0.806653	  4.80575   1.15967e-08		    0	1.13427e-08	 -12.4416     0.0379315
      252.363	   0.815622	  7.24768   7.12077e-10		    0  -7.30112e-11	 -19.9504      -1.72188
      254.342	   0.805801	  7.50481   1.21449e-08		    0	1.15177e-08	 -15.6327      -1.38972
      250.598	   0.806033	  6.75887   1.20714e-08		    0	1.15514e-08	 -16.0407      -1.01646
      238.554	   0.804456	  8.79035   5.53838e-10		    0  -5.34038e-11	 -25.0741     -0.781049
      240.374	   0.804288	  3.54188   1.18058e-08		    0	1.15616e-08	 -12.7026     -0.368731
      241.121	   0.814189	  6.61856   2.65616e-10		    0  -3.62495e-11	 -21.5811     -0.622726
      239.283	   0.838139	  5.95386   3.72993e-10		    0  -6.53319e-11	 -37.9328     -0.899773
      242.576	   0.817169	  4.87043   4.18204e-10		    0  -6.79085e-11	 -36.3681      -1.00408
      251.767	   0.802264	  2.49387    2.3199e-08		    0	2.31437e-08	 -8.45098    -0.0682783
      246.948	   0.802576	  3.72506    5.6514e-10		    0  -9.36983e-11	  -26.573      -1.39091
      246.649	   0.802353	  3.70838   1.21562e-08		    0	1.14877e-08	 -27.0999      -1.39094
      232.756	   0.818405	  4.58712   3.16479e-10		    0  -5.32291e-11	 -31.8558     -0.624562
       232.55	   0.800409	  4.05885   3.56038e-10		    0  -4.90177e-11	  -29.239     -0.549258
       230.69	    0.80327	  3.97834   2.93873e-10		    0  -5.40022e-11	 -31.6645     -0.496879
       232.09	   0.829346	  2.78587   1.41285e-10		    0  -3.45703e-11	 -34.1829     -0.344901
      238.106	   0.797772	  1.65949   2.20405e-10		    0  -4.02695e-11	 -19.3327     -0.512771
      241.368	   0.797891	 0.990061   1.17493e-08		    0	1.15445e-08	 -19.0755     -0.420045
      240.011	   0.796993	  1.21998   2.37359e-10		    0  -4.55927e-11	 -25.4808     -0.580677
      245.756	   0.797442	 0.876051   1.17097e-08		    0	 1.1556e-08	 -21.8817     -0.295778
      250.445	   0.799245	 0.825459   3.48126e-08		    0	3.47493e-08	 -13.1777      0.102529
       253.13	   0.802091	 0.575978   5.82038e-08		    0	5.81385e-08	 -6.71571    -0.0744637
      243.234	   0.802175	 0.666958   3.10827e-10		    0  -6.65596e-11	 -22.1042     -0.778379
      246.242	   0.802588	 0.464947   2.32668e-08		    0	2.31689e-08	 -8.48468     -0.219482
      246.889	   0.803236	 0.367352   1.16758e-08		    0	1.15737e-08	 -9.17816      -0.22999
      237.903	   0.802584	 0.591708    2.4301e-10		    0  -5.28087e-11	 -21.9852     -0.518124
      229.022	   0.806438	 0.454742   2.65616e-10		    0  -7.32085e-11	 -41.0472     -0.573601
      233.932	   0.818175	 0.292226    6.4426e-10		    0  -1.22658e-10	 -58.3638      -1.19264
      235.577	   0.809621	 0.194249   5.31232e-10		    0  -1.33028e-10	 -56.0613      -1.26113
      231.653	   0.835556	0.0955278   1.92148e-10		    0  -8.09766e-11	 -45.5019     -0.533334
      236.928	   0.834726	0.0439731   3.27781e-10		    0  -7.43102e-11	 -45.4072     -0.634566
      241.001	   0.797599	0.0124903   1.47502e-09		    0  -1.78559e-10	  -51.313      -1.94856
       248.67	   0.796712    0.00270515   1.95539e-09		    0  -2.47598e-10	 -54.7248	-3.7923
      245.648	    0.80137   5.24794e-07   1.22635e-08		    0	1.14464e-08	 -39.6928      -1.73044
       231.27	   0.800268   5.56131e-07   3.72993e-10		    0  -8.72339e-11	 -39.7158     -0.677484
      227.298	   0.804313   5.60113e-07   1.86496e-10		    0  -6.49173e-11	 -38.7486     -0.484557
      226.306	   0.798253   5.61792e-07   1.63891e-10		    0  -6.15294e-11	 -40.0517     -0.436887
      226.296	   0.823452   5.58087e-07   1.41285e-10		    0  -6.17205e-11	 -38.9672     -0.383195
      233.517	    0.80663   5.14371e-07   3.95598e-10		    0  -7.86243e-11	 -41.3394     -0.814213
      243.892	   0.795167   4.98371e-07   4.74718e-10		    0  -8.32175e-11	 -29.4705      -1.09592
      236.947	   0.796525	5.476e-07   6.27306e-10		    0  -1.09501e-10	 -45.4883	-1.2063
      230.714	    0.79474   5.54154e-07   3.44736e-10		    0	-4.9519e-11	 -37.2286     -0.586098
      229.434	   0.799755   5.72122e-07    3.2213e-10		    0  -6.46633e-11	 -45.5809      -0.63532
      228.081	   0.812209	5.885e-07   2.31708e-10		    0  -5.21637e-11	 -50.5454     -0.544245
      231.513	   0.813685   5.73888e-07   2.93873e-10		    0  -5.36409e-11	 -51.4574     -0.630883
      234.325	   0.810007   5.86143e-07   5.31232e-10		    0  -1.09024e-10	 -61.3752      -1.18796
      232.972	   0.806964   5.64731e-07   3.72993e-10		    0  -8.51872e-11	  -54.229     -0.844415
      233.094	   0.818329   5.66081e-07   2.65616e-10		    0  -6.32892e-11	  -48.306     -0.652687
      238.971	   0.792382   5.06832e-07   1.16419e-08		    0	 1.1507e-08	 -28.7882      -0.15589
      233.105	   0.786042   5.66328e-07   3.78644e-10		    0  -6.52133e-11	 -39.7725     -0.720308
      225.045	   0.800352   5.87471e-07   1.52588e-10		    0  -3.51288e-11	 -39.4504     -0.350045
      227.763	   0.803532   5.73711e-07   3.84295e-10		    0  -5.46279e-11	 -55.7086      -0.67064
      245.471	   0.789437   4.86786e-07   6.16003e-10		    0  -8.05063e-11	 -27.1846      -1.23436
      237.593	   0.783985   5.81809e-07   9.88996e-10		    0  -1.22176e-10	 -49.6095      -1.32651
      236.713	   0.784196   6.07149e-07   1.02856e-09		    0  -1.34377e-10	 -61.7409	-1.5728
      234.357	   0.797618   6.19741e-07   6.78168e-10		    0	-1.2414e-10	  -65.161      -1.36066
      226.437	   0.793306   6.14109e-07   2.14753e-10		    0  -4.65348e-11	 -44.7527     -0.489252
      226.957	   0.801228   5.85768e-07   1.86496e-10		    0  -4.20102e-11	 -39.6267     -0.440419
      234.207	   0.790463   5.36043e-07   3.10827e-10		    0  -6.72285e-11	 -32.2712     -0.747681
      241.479	    0.78013   5.17336e-07   1.19188e-08		    0	1.15245e-08	 -34.5312     -0.826073
      243.554	   0.780469   4.81008e-07   1.41285e-10		    0  -1.22743e-11	 -9.51923     -0.320685
      231.051	   0.792634   5.63896e-07   1.24331e-10		    0  -2.43734e-11	 -17.5809      -0.28773
      222.844	   0.804748   5.91534e-07   1.07377e-10		    0	-2.1348e-11	 -39.0639     -0.246012
      226.785	   0.804644   6.00373e-07   2.31708e-10		    0  -5.38166e-11	 -57.1686      -0.54987
      228.338	   0.785783   5.98848e-07   4.29507e-10		    0	-7.4753e-11	 -63.6905     -0.783287
      232.338	   0.808114   6.15139e-07   4.35158e-10		    0  -9.33972e-11	 -62.9026      -1.00593
      231.345	   0.787748   5.99127e-07   4.63415e-10		    0  -7.62046e-11	 -55.0449     -0.819346
      240.303	   0.785725   5.57711e-07   8.08151e-10		    0  -1.20242e-10	 -49.4101      -1.55265
      247.996	   0.781036   4.76844e-07   1.18962e-08		    0	1.14437e-08	   -35.86     -0.768976
       238.07	   0.777969   5.66619e-07   3.67341e-10		    0  -6.24597e-11	 -30.1099     -0.706598
      232.096	   0.777287   6.14619e-07   5.93397e-10		    0  -7.59409e-11	 -46.2794     -0.786591
      233.783	   0.776674    5.8174e-07   5.70792e-10		    0  -7.13391e-11	 -49.4746     -0.939801
      238.156	    0.77688   5.41386e-07   1.18849e-08		    0	1.15487e-08	 -29.4199     -0.650464
      233.599	   0.776526   5.70257e-07   4.06901e-10		    0  -4.11043e-11	 -36.3549     -0.742722
      234.786	   0.775925   5.50985e-07    3.2213e-10		    0  -2.74397e-11	 -25.2923     -0.655684
       241.35	   0.776493   3.38569e-07   2.31595e-08		    0	2.30979e-08	 -14.8222      0.153707
       250.56	   0.778238   2.72489e-07   7.05182e-08		    0	7.01432e-08	 -27.3562     0.0700386
      254.251	   0.786502   2.36007e-07   1.16871e-07		    0	1.16626e-07	 -1.75858     -0.131377
      243.658	   0.788307   4.57695e-07   2.30125e-08		    0	2.30105e-08	  -0.6764      0.617111
      229.865	   0.808041   5.65747e-07   2.37359e-10		    0  -2.75034e-11	 -41.5356     -0.497836
      225.511	    0.81905    5.6681e-07   1.80845e-10		    0  -1.13608e-11	 -47.2637     -0.361911
      233.195	   0.801136    5.4185e-07   5.25581e-10		    0  -5.07578e-11	 -60.3173	-1.0172
      245.119	    0.79185   5.00309e-07   6.32957e-10		    0  -7.46993e-11	 -34.9998      -1.50341
      248.315	   0.787563   3.70691e-07   2.35946e-08		    0	2.31035e-08	 -14.7255     -0.924784
      240.482	   0.806751   5.24248e-07   4.52112e-11		    0  -6.43213e-11	 -37.9701    -0.0536597
       245.79	   0.788129   1.96972e-07   1.20601e-08		    0	1.15288e-08	 -33.3924      -1.10628
      242.542	   0.788262   3.92098e-07   1.15797e-08		    0	1.15797e-08	  1.33977     0.0667283
      232.909	   0.791967   5.05211e-07   1.07377e-10		    0	1.02248e-11	 -14.3241     -0.176813
      222.546	   0.823374   5.49651e-07   1.01725e-10		    0  -8.45563e-13	 -48.2709     -0.197924
      234.105	   0.792646   4.92465e-07   1.21279e-08		    0	 1.1506e-08	 -64.7503      -1.13075
      239.555	   0.788127   5.07214e-07    2.8257e-10		    0  -2.47694e-11	 -22.1034     -0.635503
      229.548	   0.808696   5.24446e-07   2.03451e-10		    0  -3.64678e-11	 -30.2409     -0.456189
      227.322	   0.807327   5.17608e-07   2.20405e-10		    0  -4.49465e-11	 -38.9802     -0.479617
      229.996	   0.810129   5.13623e-07   2.71267e-10		    0  -4.06538e-11	 -37.9543      -0.57797
      228.303	   0.811757    5.0796e-07   2.37359e-10		    0  -4.44124e-11	 -37.1917     -0.513812
      229.137	   0.808475   4.95586e-07   2.88222e-10		    0  -6.26354e-11	 -44.3742     -0.658027
      239.929	   0.810397   4.74591e-07   4.86021e-10		    0  -7.83856e-11	 -62.3998      -1.16352
      238.127	   0.824041   4.86852e-07   4.29507e-10		    0  -9.04131e-11	 -56.9241      -1.05979
      236.885	   0.814182   4.73685e-07   4.40809e-10		    0  -8.02324e-11	 -53.7186      -1.05679
      243.286	   0.816823   4.59123e-07   8.25105e-10		    0  -1.46861e-10	 -80.1369      -2.04366
      244.464	   0.821823   4.62845e-07   2.99524e-10		    0	-5.6752e-11	 -77.2736     -0.719744
