	    0	5.01664e-11    1.6685e-06	152.972	      12.2169	      76501	  1.07311   0.000634303	      248.395
	    0		  0   1.69266e-06	157.199	      9.31191	    76620.1	  1.05972   0.000623657	      251.924
	    0		  0   2.04712e-06	100.811	      8.87317	      76215	  1.10425   0.000188104	      240.486
	    0	7.76102e-13    1.7351e-06	142.863	      10.6223	    75692.4	  1.08502   0.000367932	       243.07
	    0		  0   1.81748e-06	130.641	      9.32275	    75614.1	  1.07197   0.000464992	      245.776
	    0	1.58239e-11   1.87381e-06	118.757	      8.59755	      75616	  1.09636   0.000308956	      240.313
	    0	 5.3896e-13   1.87262e-06	125.561	      10.0011	    75754.3	  1.08571    0.00027405	      243.115
	    0		  0    2.0096e-06	 114.79	      9.51947	    75716.7	  1.09261   0.000264297	      241.459
	    0	1.83246e-13   2.03177e-06	109.919	      8.58667	    75829.8	  1.10391   0.000226654	      239.346
	    0	5.55129e-12   1.79575e-06	120.437	       8.8035	    76148.4	  1.10851    0.00027499	      239.354
	    0	3.23376e-14   1.57069e-06	132.678	      8.24736	    76526.1	  1.11174   0.000282791	      239.841
	    0	2.04805e-13   1.59224e-06	122.721	      7.86114	    76756.1	  1.12014    0.00025524	      238.759
	    0	3.88051e-13   1.58575e-06	 110.88	      7.25252	    76810.8	   1.1411   0.000173807	      234.539
	    0		  0   1.43901e-06	 105.99	       6.7527	    76088.1	  1.15047   0.000117423	      230.441
	    0	 2.1235e-12   1.22586e-06	125.505	      7.49372	    75593.9	  1.13346   0.000145753	       232.38
	    0		  0   1.13599e-06	148.155	       6.2423	    75842.6	  1.12731   0.000160892	      234.417
  1.15801e-08		  0   1.18022e-06	 138.94	      4.78121	    76189.2	  1.13743   0.000139364	      233.393
	    0	2.04805e-13   1.26028e-06	106.329	      5.25163	    76225.4	  1.15892   9.73482e-05	      229.174
	    0	2.15584e-14   1.11771e-06	97.6804	      6.63358	    75855.2	  1.16913   7.23493e-05	      226.068
	    0		  0   1.11517e-06	90.9681	      7.45112	    75540.5	  1.16968   6.32936e-05	      225.026
	    0		  0   1.23751e-06	86.5706	      8.64965	    75258.5	  1.15664   7.43304e-05	      226.712
	    0	 6.1657e-12   1.25882e-06	98.6493	       8.5232	    75258.6	   1.1419   0.000107186	      229.639
	    0	2.26363e-13   1.05898e-06	132.329	      6.90408	    75457.3	   1.1133   0.000179675	       236.16
	    0	1.50046e-11    1.1162e-06	 106.16	      7.48667	      76582	  1.14904   0.000139262	      232.225
	    0	 9.0653e-11   1.10593e-06	124.403	      10.1807	    76973.7	  1.10729   0.000336365	      242.215
	    0	1.11026e-12   1.02319e-06	121.693	      8.71767	    77245.1	  1.11382   0.000302905	      241.642
	    0	9.91686e-13   1.02245e-06	114.284		6.721	    76814.2	  1.13956   0.000179835	      234.867
	    0		  0   1.02974e-06	101.846	      6.54008	    75988.8	  1.14274   0.000109378	      231.696
	    0		  0   9.81192e-07	94.3228	      7.00619	      75866	  1.16734    6.8582e-05	      226.449
	    0		  0   8.26056e-07	92.3924	      7.53902	    76068.5	  1.16602   8.28813e-05	      227.308
	    0		  0   7.70267e-07	89.6454	      8.10218	    76265.5	  1.16432   9.11955e-05	      228.231
	    0	2.15584e-14   8.53249e-07	 94.986	      7.61073	    75921.2	  1.15986    8.5155e-05	      228.073
	    0	6.35973e-13   9.25381e-07	97.2968	      8.76598	    75715.4	  1.12722   0.000145762	      234.041
	    0	1.21805e-12   8.40754e-07	101.286	      7.75633	    75683.5	  1.12945   0.000145322	      233.481
	    0		  0   7.74992e-07	 102.09	      7.00316	    75312.5	  1.13864   0.000115743	      230.461
	    0		  0   6.55053e-07	119.715	      6.28801	      75152	    1.141   0.000104027	      229.495
	    0	4.31168e-14   6.32946e-07	106.911	      5.59632	    74882.1	  1.14393   9.35973e-05	      228.084
	    0		  0   6.15161e-07	101.599	      6.20483	    74713.5	  1.15193   7.20509e-05	      225.992
	    0		  0   5.58698e-07	145.667	      8.93607	    74547.9	  1.12728   0.000102922	       230.42
	    0		  0   5.54177e-07	129.787	      10.0946	      74413	  1.12171   9.53577e-05	      231.145
  1.15746e-08		  0   4.99176e-07	147.717	      11.5817	    74678.7	  1.13162   7.91053e-05	       229.94
	    0		  0   4.38748e-07	165.845	      11.7804	    75167.8	  1.11646   0.000133511	      234.588
	    0		  0   5.55796e-07	126.463	      9.04535	    75771.3	  1.11759    0.00015843	      236.232
	    0	 1.4013e-13   6.07593e-07	 106.21	      11.1678	    75992.4	   1.1058   0.000257966	      239.448
	    0	 3.9883e-13   5.53466e-07	127.731	      12.9176	    76496.1	  1.07286   0.000420874	      248.436
	    0		  0   5.55022e-07	124.791	      11.5092	    76997.6	  1.08261   0.000339413	      247.812
	    0		  0	6.266e-07	109.599	      10.6184	    77018.7	  1.10527    0.00022352	      242.799
	    0		  0   6.62054e-07	110.039	      7.65443	      76466	  1.12049    0.00015642	      237.781
	    0	1.27518e-11   6.73215e-07	111.422	      6.11224	    75718.5	  1.12471    0.00015632	      234.573
	    0		  0	0.0248147	99.4695	      7.63766	    75162.7	  1.13044   6.65796e-05	      231.672
	    0		  0	 0.107673	94.4255	       7.6511	    74863.9	  1.13306   0.000101613	      230.217
	    0		  0	  0.27648	96.2166	      6.85054	      75324	  1.16297   6.72256e-05	      225.674
	    0		  0	 0.570975	98.0575	      6.95744	    75346.4	  1.16165   7.18772e-05	      225.998
	    0	3.12597e-13	 0.926834	100.327	      6.71563	    75289.5	  1.15882   7.55427e-05	      226.379
	    0	2.80259e-13	  1.53434	98.7976	      6.99331	    75186.5	  1.16094   6.86819e-05	      225.657
	    0	3.88051e-13	  2.21043	 97.331	      7.11774	    75281.7	  1.15905   7.51337e-05	      226.311
  1.15746e-08	2.29489e-11	   1.4202	125.631	      6.39985	    75539.6	  1.13951   0.000132205	       230.98
	    0	9.16232e-13	  1.43429	172.647	      5.60055	    76108.1	  1.11153   0.000228913	      238.577
  1.15788e-08		  0	  1.78838	154.726	      5.58235	    76460.1	    1.119   0.000216684	       238.08
	    0		  0	  2.76464	  175.8	      8.45419	    76331.2	   1.1118   0.000218876	      239.217
  1.15774e-08		  0	  5.21958	142.265	       7.2014	    75904.8	  1.11118   0.000201345	      238.015
	    0	4.60272e-12	  7.97475	99.6769	      6.48299	    75331.1	  1.13222   0.000139058	      231.826
	    0		  0	  10.4587	88.0201	      5.45441	    75879.1	  1.16103   9.06625e-05	      227.717
	    0		  0	  12.5707	86.0203	      4.93465	    76689.9	  1.20275   4.40408e-05	      222.167
	    0		  0	  10.9232	120.323	      6.86682	    76932.7	  1.18331   7.41427e-05	      226.533
   1.1616e-08		  0	  6.90911	188.636	      10.6528	    76499.3	  1.10893   0.000247622	      240.365
  1.15815e-08		  0	  8.44843	167.182	      9.56433	    76202.7	  1.10977   0.000231202	      239.251
  1.15829e-08		  0	  15.4474	148.206	      5.93446	    76336.4	  1.11072   0.000228859	      239.467
	    0	3.77272e-12	  19.2869	108.563	      5.57315	    76186.3	  1.14336   0.000139743	      232.173
	    0		  0	  23.9223	99.3575	      4.93827	    75972.2	  1.15798   9.55902e-05	      228.598
	    0		  0	  29.0217	83.3339	      4.11586	    76192.1	   1.1909   4.84426e-05	      222.922
	    0		  0	  31.4129	  83.96	      4.48908	    76522.7	  1.21068   3.34633e-05	      220.231
	    0		  0	  34.5588	86.6093	      6.83368	    76397.9	  1.19602   4.45114e-05	      222.566
	    0		  0	  36.1724	89.2975	      5.70063	    75994.2	  1.18717   4.62528e-05	      223.042
	    0		  0	  35.9623	99.7946	      5.13196	    76220.3	   1.1945   4.38522e-05	      222.332
	    0		  0	  33.2595	118.331	      5.77802	    76184.5	   1.1807   5.72583e-05	      224.825
	    0		  0	  35.0298	110.541	      6.69097	    75755.9	  1.15822   8.89296e-05	      227.901
	    0		  0	  49.1414	92.4564	      6.40328	    75387.6	  1.15138   8.98748e-05	      228.139
  1.15857e-08	 7.8257e-12	  33.8043	130.091	      8.23783	    74999.5	  1.12287   0.000159402	      232.727
	    0	2.15584e-14	  24.4442	196.952	      4.96367	      75567	  1.07421   0.000415013	      245.109
	    0	1.11996e-11	  53.9318	123.586	      2.35052	    76098.2	  1.10938   0.000270003	      239.008
	    0	4.58116e-12	  42.7481	130.727	      5.86247	    76045.3	  1.13346   0.000154993	      233.767
	    0		  0	   65.691	107.924	      6.58342	    76027.4	  1.12675   0.000131777	      235.105
	    0	2.78103e-12	  49.3739	140.374	      9.22366	    75004.3	  1.08121   0.000316778	       241.71
  1.15746e-08	2.23129e-12	  57.7089	156.273	      5.83374	    75776.7	  1.09576    0.00029907	      240.956
	    0	1.08115e-11	  49.6542	152.182	      7.74638	    76151.8	  1.11219   0.000230254	      238.573
  1.15788e-08	6.57531e-13	  36.9675	 178.55	      11.2288	    75909.4	  1.10474   0.000219242	      239.417
	    0		  0	  48.6728	162.728	      6.82914	    76215.4	   1.1133   0.000198119	      238.532
	    0	1.13828e-11	  83.5327	109.492	      5.51793	    77237.8	  1.15376   0.000150874	      233.257
	    0	4.86357e-11	  93.7326	119.456	       6.2118	    77871.8	  1.15218   0.000188798	      235.494
	    0	2.32723e-11	  87.8545	 127.12	       8.3563	    77853.2	   1.1413   0.000240167	      237.681
  1.15884e-08	4.74285e-13	  50.2144	221.347	      8.46574	    77805.1	  1.07628   0.000706218	      251.883
  1.15774e-08	1.07792e-14	  71.5068	178.199	      3.92906	      77624	  1.08704   0.000551282	       248.81
  1.15829e-08	1.61688e-13	  70.3273	179.377	      1.87228	    77750.6	   1.1078   0.000375545	      244.546
	    0		  0	  104.457	155.129	       4.5378	    78207.1	  1.11943   0.000296077	      243.425
	    0		  0	  122.128	103.168	      7.42008	    77682.8	   1.1371   0.000110699	      238.037
	    0		  0	  117.149	121.537	      6.80334	    76826.3	  1.12628   0.000104819	      237.675
	    0	3.23376e-14	  125.763	134.197	      3.93382	    76389.8	  1.11088   0.000202823	      239.601
	    0	5.04898e-11	   75.365	 161.42	      4.41783	    76425.9	  1.11252   0.000271688	      239.359
  2.31892e-08		  0	  72.0443	 207.16	      7.25276	    75741.8	  1.06889   0.000482597	      246.901
  4.64709e-08		  0	  56.5022	204.465	      11.2942	    74482.3	  1.05389   0.000404203	       246.25
	    0		  0	  88.4979	187.842	       8.4255	    74422.4	  1.05426   0.000389121	      245.965
	    0		  0	  152.944	114.106	      5.56369	      75138	  1.08066   0.000311805	      242.263
  1.15774e-08		  0	  113.204	162.918	      6.89614	    75774.6	  1.07794   0.000424854	      244.934
	    0	1.17493e-12	   139.65	147.746	      4.07389	    76590.8	  1.09009   0.000393832	      244.812
	    0	3.41701e-12	  113.028	162.377	     0.891495	    77014.4	  1.10382   0.000335808	      243.104
	    0		  0	  160.393	 121.22	       4.6005	      77095	  1.12443   0.000193347	      238.898
	    0		  0	   180.95	105.928	      7.38957	      76825	  1.10806    0.00022659	      241.578
	    0	1.15337e-12	  182.836	108.708	      7.87954	      76175	  1.10307   0.000215412	      240.617
	    0	3.55713e-13	  136.153	172.914	      9.22704	    75965.1	  1.07867   0.000421111	      245.383
   1.1576e-08	4.74285e-13	  116.296	190.567	      3.26637	    77125.3	      1.1   0.000338905	      244.299
	    0		  0	  192.955	 126.31	      4.34692	    77901.5	  1.11542   0.000287157	      243.347
	    0		  0	  170.689	139.556	      4.49959	    77657.4	  1.11942   0.000222016	      241.717
	    0		  0	  203.061	132.528	      4.19111	    77974.8	  1.12085   0.000291544	      242.395
	    0		  0	  180.179	 155.59	      5.75932	    78188.3	  1.11695   0.000308227	      243.907
	    0		  0	  223.399	121.576	      5.52573	    77566.3	  1.10944   0.000264045	      243.606
	    0		  0	  183.877	156.958	      7.25613	    76927.6	  1.09051   0.000297858	      245.795
   2.3203e-08		  0	   105.67	215.369	       12.332	    76323.5	  1.06605   0.000537865	       249.46
  1.16008e-08		  0	  165.283	196.093	      7.12355	    76485.2	  1.07599   0.000445521	      247.678
  1.15774e-08		  0	   208.93	 146.39	      6.82772	    77153.9	  1.09596   0.000410151	      245.292
	    0		  0	  210.446	 157.58	      8.26236	      77383	  1.09335   0.000376984	      246.607
	    0		  0	  192.362	168.654	      8.66222	    76977.1	  1.07799   0.000340763	      248.807
   1.1576e-08		  0	   191.46	208.484	      10.3616	    76672.8	  1.05226   0.000788888	      253.884
  1.15829e-08		  0	   195.38	193.303	      9.36551	      77268	  1.06388   0.000746365	      253.061
	    0		  0	  223.311	177.065	      9.27294	    77657.4	  1.07783   0.000614988	      251.045
	    0	6.89869e-13	  269.581	134.716	      6.33267	    77848.7	  1.08927   0.000591585	      249.019
	    0	2.15584e-13	  283.622	130.626	      5.43054	    78099.1	   1.0864    0.00070493	       250.48
	    0	7.05283e-11	  255.507	167.381	      5.71358	    77910.9	  1.07175    0.00101312	      253.292
  1.16077e-08	2.15584e-13	  261.584	203.851	      5.62299	    77607.1	    1.031    0.00162685	      262.277
	    0		  0	  258.632	 193.68	      6.98302	    77508.9	  1.02994    0.00131298	      262.216
  1.15774e-08	2.15584e-14	  228.438	 224.06	      2.89984	    78056.8	  1.03803    0.00173753	      262.011
	    0	 1.2935e-13	  280.735	170.864	      1.68393	    78484.7	  1.06219    0.00117249	      257.455
  1.15926e-08	4.39791e-12	  199.645	214.291	      8.50694	    78328.8	  1.05157    0.00128955	      259.539
  2.31837e-08	1.10487e-11	  179.593	243.818	      13.0138	    78387.9	  1.04286    0.00163974	      261.903
  1.15829e-08	2.46844e-12	  237.733	218.217	      10.9165	    78440.4	  1.05414    0.00127581	      259.274
  1.15774e-08	1.07361e-11	  299.142	177.839	      4.61662	    78550.9	  1.06152    0.00123734	      257.834
	    0	2.94164e-11	  324.179	156.066	      6.21062	    79029.3	  1.07535    0.00107339	       256.07
	    0	6.06977e-11	  332.506	145.641	      4.97604	    79052.5	  1.08812   0.000884362	      253.138
	    0	1.02273e-10	  329.826	149.588	       5.5793	      79456	   1.0914   0.000872728	      253.665
  1.15995e-08	1.28057e-11	  178.466	252.042	      10.9035	    79343.9	  1.05942    0.00138267	      260.953
  1.15774e-08	  1.494e-11	  246.395	236.355	      11.6968	    79186.1	  1.05856    0.00147464	      260.648
  3.48839e-08	2.14937e-11	  243.376	241.618	      13.3047	      78460	  1.05868    0.00118428	      258.226
   1.1587e-08	1.14259e-12	   284.93	188.424	      5.18448	    78546.8	  1.08679   0.000624907	      251.825
  2.31989e-08	1.53065e-12	  257.412	195.477	      6.01352	    77783.2	    1.064   0.000982222	      254.719
	    0	1.17493e-12	  319.886	177.245	      6.35953	    78019.1	  1.05914   0.000950193	      256.663
	    0	2.27333e-11	    362.9	142.094	      4.16561	    77841.6	  1.07517   0.000714812	      252.263
	    0	1.83785e-11	  361.718	145.411	      2.06835	    77441.3	  1.07159   0.000736739	      251.804
	    0	1.12966e-11	  369.471	136.045	     0.250616	    77650.8	  1.07845   0.000700903	      250.879
	    0	2.44472e-11	  376.397	137.194	      2.72449	    77537.7	   1.0742   0.000638068	      251.506
	    0	1.62766e-12	  348.378	166.782	      3.87294	    77731.5	  1.06598    0.00060115	      254.076
	    0		  0	  374.757	151.812	       3.0176	    77877.5	  1.05975    0.00070963	      256.052
	    0	1.62442e-11	  380.166	156.987	      6.19002	    77374.9	  1.04478    0.00115536	      258.044
  1.16077e-08	9.81985e-12	  254.734	241.483	      7.74421	    77110.5	  1.01661    0.00207798	      264.289
	    0	1.53065e-12	  354.229	 198.34	      7.33903	    76684.5	  1.01055     0.0017203	      264.404
  1.15788e-08	6.46752e-14	  346.782	204.723	      8.30544	    76723.8	  1.01709    0.00181312	      262.839
	    0	2.70558e-12	  380.539	171.571	      7.47399	    77316.8	  1.03462    0.00142418	      260.381
   1.1576e-08	7.40531e-12	  347.599	210.077	      8.30306	    77971.2	   1.0353    0.00170665	      262.414
	    0	4.13921e-12	  369.389	 187.55	      7.72543	    78624.8	  1.04342    0.00155779	      262.554
	    0	 1.4013e-13	   394.18	171.607	      7.23804	    78527.5	  1.04103    0.00146547	       262.83
	    0	8.42933e-12	  375.266	195.457	      7.89841	    78487.9	  1.02918    0.00238152	      265.723
	    0	1.06175e-11	  323.016	228.421	      6.74942	    78706.2	  1.03009    0.00235095	      266.227
	    0	2.57407e-11	  391.314	175.361	      5.39847	    78607.5	  1.04909    0.00162355	      261.077
	    0	1.37974e-12	  388.873	177.779	      7.05904	    78319.3	  1.04216    0.00155511	      261.851
	    0	1.60826e-11	  365.522	206.317	      6.67779	    78029.7	  1.02612    0.00200527	      264.961
	    0	1.84324e-12	  358.872	204.452	       6.5188	    78224.3	  1.03633    0.00178457	      263.004
	    0		  0	  367.098	207.578	      5.20044	    78375.4	  1.02439    0.00159627	      266.583
	    0		  0	  405.332	175.864	       5.5893	    78414.9	  1.03325    0.00159553	       264.43
	    0		  0	  385.742	197.026	      2.88401	    78586.6	  1.03449    0.00182664	      264.691
	    0	 5.3896e-13	  379.865	200.391	      4.96593	    78956.2	    1.032    0.00186246	      266.578
	    0	3.12597e-13	  405.363	179.116	      6.54416	    79159.4	  1.03597    0.00167293	      266.239
	    0		  0	  377.003	205.059	      5.57225	    79158.7	  1.02993    0.00202179		267.8
	    0	1.07792e-14	   404.28	185.775	      4.72439	    79374.5	  1.03712    0.00198918	      266.669
	    0	1.46597e-12	  405.108	183.873	       4.4081	    79362.4	  1.03575    0.00196248	      266.979
	    0	 6.6831e-13	  402.299	187.516	      4.08157	    79275.2	  1.03536    0.00189869	      266.787
	    0		  0	  402.017	186.335	      5.21948	    79305.8	   1.0354    0.00205279	      266.879
	    0	8.82816e-12	  400.407	186.552	      5.29584	    79309.3	  1.03472     0.0020558	      267.065
	    0	5.83909e-11	  400.751	184.332	      4.07544	    79105.5	  1.03671    0.00225846	      265.869
	    0	5.02203e-11	  400.343	183.134	      4.02793	      79004	  1.03706    0.00215642	      265.439
	    0	1.56514e-11	  395.559	 185.98	      2.84905	    79176.3	  1.04097    0.00194835	      265.017
	    0	 1.4013e-13	  402.353	175.651	      5.85272	    79031.8	  1.03982    0.00158268	      264.828
	    0	4.31168e-13	   403.51	169.164	      5.70475	    78831.1	  1.03925    0.00150673	      264.299
	    0	3.64229e-11	  396.114	177.205	      4.42404	    78816.5	  1.03992    0.00167183	      264.081
	    0	8.15985e-11	  319.953	230.756	       3.4964	    78408.5	  1.02718    0.00159163	      265.971
	    0	8.67725e-12	  376.458	195.687	      2.95535	    78414.1	    1.027    0.00164471	      266.035
	    0	1.82061e-11	   382.75	187.308	      5.43826	      78507	  1.03635    0.00130999	      263.948
	    0	1.29458e-11	  364.684	199.853	      5.61417	      78725	   1.0309    0.00170145	       266.08
	    0	2.83816e-11	  386.676	179.109	      4.45131	    78148.9	  1.03218     0.0012412	      263.805
  1.15774e-08	4.73422e-11	  288.193	234.802	      4.79758	    78089.8	  1.02458    0.00165286	      265.562
  1.16712e-08	1.26935e-09	  249.875	261.867	      8.06913	    78485.6	  1.02267    0.00234314	      267.407
   1.1706e-07	2.63925e-09	  188.988	286.318	      10.0958	    78429.4	  1.02021    0.00292519	       267.86
  2.32017e-08	2.74751e-09	  255.236	288.675	      6.93861	    77923.4	  1.00823    0.00328452	      269.293
  3.47735e-08	2.96223e-10	  302.518	246.804	      2.83645	    77696.1	  1.02229    0.00235661	      264.816
	    0	1.06671e-10	  384.258	155.834	      4.04922	    77677.4	  1.05785    0.00116354	      255.851
	    0	9.86835e-11	  370.717	172.023	      4.84933	      77440	  1.04213    0.00150926	      258.917
	    0	5.42409e-11	  368.521	167.447	       2.5292	    77455.4	  1.04944    0.00132678	      257.165
	    0	 4.3203e-11	  370.883	157.365	      2.95647	    78014.6	  1.06076    0.00116366	      256.258
	    0	8.02188e-11	  377.583	 144.23	      2.47846	    78430.5	  1.07757   0.000910077	      253.605
	    0	6.08378e-11	  372.574	148.678	      2.58809	    78668.5	  1.07948   0.000809478	      253.924
	    0	 1.5328e-11	  359.246	163.825	      4.21168	      78846	  1.06782   0.000807607	      257.275
	    0	5.19299e-10	  297.885	219.975	      7.14849	    78473.7	  1.03671    0.00128471	      263.746
	    0	2.04589e-11	  355.602	167.944	      6.33275	    77960.8	  1.03793    0.00143251	      261.712
	    0	1.17709e-11	  309.654	 201.34	      8.36146	    77801.2	  1.03404    0.00177806	      262.161
  2.31879e-08	1.13451e-10	  241.854	257.882	      13.6598	    77849.3	  1.01631    0.00193168		266.9
	    0	4.40007e-11	  328.424	188.665	      9.59724	    78230.5	  1.02918    0.00146098	      264.852
  1.15815e-08	8.45089e-12	  284.044	223.042	      5.80896	    78441.5	   1.0267    0.00245254	      266.208
  5.80828e-08	6.62597e-10	  227.427	263.939	      10.6425	    77999.6	  1.01203    0.00304479	      268.544
  2.32403e-08	5.70866e-11	   218.68	264.572	      7.05872	    77982.7	  1.01259     0.0029738	      268.338
   1.1576e-08	4.75902e-11	   231.73	238.962	      3.41179	    78347.1	  1.02915    0.00241607	      265.255
  1.15788e-08	6.80491e-11	  279.872	218.775	      2.88995	    78617.4	   1.0387     0.0022568	      263.722
	    0	1.74407e-10	  302.279	183.718	      6.30726	    78912.9	  1.05683    0.00159165	      260.172
  4.68573e-08	1.45588e-09	  137.402	283.185	      8.05436	    78671.7	  1.02219    0.00277027	      268.167
	    0	1.02708e-09	  227.103	263.047	      13.2383	    78750.5	  1.00312    0.00336096	      273.538
	    0	4.09394e-11	  297.638	 205.07	      9.59615	    78620.8	  1.00881    0.00243468	      271.547
	    0	2.27872e-11	  291.659	198.031	      4.55727	    78418.7	   1.0245    0.00198264	      266.703
  1.15746e-08	2.68046e-10	  273.959	216.226	       4.5608	    78362.2	  1.03335    0.00217901	      264.227
	    0	2.52988e-11	  251.946	230.861	      3.16242	    79062.5	  1.03586    0.00245504	      265.943
  1.15774e-08	1.53291e-10	  181.078	243.034	      7.37399	    78420.7	  1.03213    0.00215324	      264.736
  2.32099e-08	6.51063e-12	   230.95	219.432	       5.2841	    78940.1	   1.0464    0.00182959	      262.856
	    0	9.58993e-10	  254.136	198.029	      5.06984	    78008.5	  1.04205    0.00177891	       260.84
  1.15953e-08	 4.8017e-10	  209.218	248.482	      4.48302	    78168.3	  1.02849    0.00228114	      264.819
	    0	6.18941e-11	  253.516	190.299	      4.40988	    78515.7	  1.05585    0.00136652	      259.102
	    0	2.91038e-13	   259.89	174.573	       4.5824	    78194.1	  1.05649    0.00112683	      257.886
	    0	5.53943e-11	  253.183	175.714	      6.47581	    78056.8	   1.0501    0.00133271	      258.999
	    0	5.17639e-10	  212.131	227.912	      5.41893	    78375.8	  1.03275    0.00230429	      264.427
	    0	4.49924e-11	   224.61	194.445	      3.18207	    78377.9	  1.05379    0.00144254	      259.154
	    0	7.94642e-11	  221.397	189.909	      3.76525	    78449.1	  1.06085    0.00126358	      257.663
	    0	6.92024e-12	  204.889	213.606	      4.79359	    78892.8	  1.05033    0.00174825	      261.716
	    0	1.37974e-12	   225.77	179.754	      7.82654	      79066	  1.05537    0.00136549	      261.039
	    0	2.87805e-12	   215.92	178.774	      8.64481	    78873.6	  1.04685    0.00156016	      262.521
	    0	1.21805e-12	  214.467	183.265	      7.86927	    78849.4	  1.04374    0.00158392	      263.223
	    0	2.91038e-13	  196.161	201.437	      9.81532	    78796.4	  1.03364    0.00196343	      265.618
	    0	1.75701e-12	  201.705	187.544	      8.75566	    78196.9	  1.03153    0.00177562	      264.135
	    0	2.84571e-12	  198.452	171.203	      7.47387	    78173.6	  1.05491    0.00122394	      258.203
	    0	1.12211e-11	  191.663	169.466	      6.60221	    78058.3	  1.06075      0.001069	      256.403
	    0	1.72467e-13	  188.074	177.377	      7.62022	    78388.8	  1.05117    0.00111037	      259.837
	    0	1.07792e-14	  182.948	174.628	       7.9341	      78502	  1.05403    0.00115501	      259.505
	    0		  0	  179.545	163.809	      7.70253	    78642.1	  1.06633     0.0010468	       256.97
	    0	1.94026e-11	  173.215	162.608	       7.5484	    78398.4	  1.07023    0.00105667	       255.24
	    0	8.39376e-11	  144.504	181.143	      7.17211	    78140.1	  1.06582    0.00114354	       255.45
	    0	5.78843e-12	  144.966	186.169	      6.72516	    77996.1	  1.05791    0.00119369	      256.888
	    0	4.06052e-11	  125.507	183.264	      6.28516	    78030.3	  1.07047    0.00098118	      253.983
	    0	3.06129e-12	  147.016	173.295	      5.31837	    78081.2	  1.07982   0.000808558	      251.949
	    0	1.12783e-10	  147.686	152.226	      5.75615	    77872.6	  1.09541   0.000582161		247.7
	    0	5.84232e-11	  145.221	154.644	      5.50779	    77655.1	  1.08983   0.000638884	      248.273
	    0	2.33229e-10	  142.572	  145.1	      5.07478	    77726.9	  1.09605   0.000603189	      247.092
	    0	2.85142e-10	  137.977	144.403	      5.47302	    77630.2	    1.093   0.000615465	      247.474
  1.15843e-08	1.87547e-10	  85.9318	191.824	      5.89089	    77294.6	  1.06126    0.00103349	      253.774
	    0	1.22538e-10	  126.117	158.159	      5.41174	    77574.2	  1.08086   0.000750944	      250.072
	    0	1.12276e-10	  125.452	139.504	      8.26175	    77084.4	  1.07087    0.00076936	      250.813
	    0	1.95308e-10	  117.849	148.642		8.151	    77321.8	  1.06998   0.000863068	      251.794
	    0	7.55622e-11	  113.306	 150.57	      5.99527	      77282	   1.0879   0.000565758	      247.517
	    0	 7.1908e-11	  111.255	139.498	      5.90671	    76785.5	  1.09358   0.000444475	      244.651
	    0	1.03168e-10	  99.8142	148.096	      8.58952	    77032.8	  1.07966   0.000653453	      248.603
  2.31823e-08	3.07207e-12	  48.5156	240.063	      9.70162	    77829.1	   1.0541    0.00115225	      257.263
	    0	4.94765e-12	  96.1897	162.678	      6.54681	    78232.4	  1.08677   0.000690414	      250.824
	    0	9.05453e-13	  92.6902	141.776	      5.83919	    77675.1	  1.10416   0.000430262	      245.115
	    0	4.18987e-11	  88.3502	135.896	      7.37522	    77069.5	  1.09575   0.000495254	      245.071
	    0	1.60642e-10	  81.8422	139.574	      6.21078	    77227.3	  1.10654   0.000419979	      243.177
	    0	1.01842e-10	  80.7722	139.369	      6.61932	    77979.7	  1.11617   0.000413903	      243.427
	    0	1.04224e-10	  79.6145	123.211	      5.99249	    77984.5	   1.1374   0.000253408	      238.899
	    0	1.01001e-11	  73.1415	124.494	      6.09606	      77244	  1.13669   0.000218736	      236.777
	    0	4.95412e-11	  71.2783	 124.28	       7.1091	    77469.9	  1.12168   0.000336498	      240.648
	    0	2.18279e-11	  60.9229	160.395	      8.07952	    78582.3	  1.10411   0.000474491	      247.988
	    0		  0	  48.5474	178.702	      10.0565	    78368.4	  1.07943   0.000400072	      252.966
  1.15912e-08	9.08686e-12	  24.8556	245.117	      9.11884	    78865.2	  1.05834    0.00127922	      259.644
	    0	 5.1309e-12	  39.3087	199.082	      7.15208	    78636.6	  1.07883    0.00094276	      253.974
  1.15774e-08	2.09116e-12	  38.6449	215.883	      5.61401	      78561	  1.06836    0.00112386	      256.216
  1.15995e-08	5.30121e-11	  34.8455	194.033	      4.48732	    77556.7	  1.06625   0.000918827	      253.442
	    0	2.26622e-10	  44.9533	137.347	      4.63296	    76958.9	  1.10388    0.00040826	      242.916
  1.15857e-08	6.40608e-11	  18.0974	172.057	      4.97164	    77622.9	   1.1169   0.000336489	      242.155
	    0	3.01818e-12	  35.6198	 157.67	      6.96935	    77804.6	  1.11677   0.000331665	       242.75
	    0	1.88636e-12	  36.7838	135.753	      7.60953	    77239.5	  1.11128   0.000318495	      242.177
	    0	1.32584e-12	   26.639	156.297	       8.7499	    76863.3	  1.09356   0.000406677	      244.904
  2.31658e-08		  0	  12.6121	 224.28	      8.21877	    76828.6	  1.06092   0.000705522	      252.325
	    0	9.07608e-12	  18.8684	172.516	      6.30634	    76988.3	  1.07295   0.000711503	      250.014
   1.1576e-08	 1.8842e-11	  18.7626	174.076	      5.96979	    77344.2	  1.08011   0.000673099	      249.505
	    0	5.67956e-11	  25.2601	115.358	      6.14642	    77074.5	  1.13856   0.000203623	       235.87
	    0	1.30029e-10	  20.3359	 124.73	      5.85871	    77259.6	  1.14205   0.000198433	      235.715
	    0	9.45659e-11	  20.2223	115.702	      5.73129	    77386.6	  1.15105   0.000171167	      234.255
	    0	2.37142e-13	  16.3247	124.614	      6.93183	    76565.8	  1.13545   0.000146791	      234.955
	    0	9.61504e-12	  8.20602	 159.13	      6.57392	    76097.7	  1.10547   0.000267396	      239.852
  1.15815e-08	 8.0844e-13	  4.89864	176.555	       8.1136	      76713	  1.10145   0.000314597	      242.674
	    0	7.97661e-13	  6.00954	 156.55	      8.65076	    77482.5	  1.11754    0.00028876	      241.578
  1.15967e-08	2.19896e-12	  4.32493	 191.01	      12.1575	    78046.4	  1.10222   0.000437863	      246.718
   3.4848e-08	8.29998e-13	  4.11177	216.392	      13.2384	    77349.8	  1.07417   0.000609169	      250.902
  5.81752e-08	1.57376e-12	  2.91032	227.174	      14.3858	    76356.8	  1.05036    0.00077944	      253.296
	    0	3.07207e-12	  3.37146	167.457	      9.49783	    76696.9	  1.09252   0.000398024	      244.606
  2.31796e-08		  0	  2.35521	201.085	       9.2338	    76844.5	  1.08541   0.000438293	      246.682
  1.15912e-08		  0	  1.86697	199.213	      6.94717	    76702.2	  1.07918   0.000474487	      247.645
	    0	4.14568e-11	  2.99726	140.331	      4.70202	    76625.6	  1.10504   0.000340215	      241.609
	    0	5.04251e-11	  2.34933	104.213	      6.53241	    77104.5	  1.15367   0.000152615	      232.871
	    0	1.78816e-10	  1.60718	 110.86	       8.5838	    77489.1	  1.13543   0.000247491	      237.793
	    0	  3.998e-11	  1.02033	110.728	      8.02056	    77310.3	  1.12365   0.000288155	      239.731
	    0	1.50909e-12	 0.580913	110.707	      6.85939	    77274.2	    1.142   0.000168214	      235.768
	    0	9.00925e-11	 0.266062	135.708	      7.40248	    77383.7	  1.12023   0.000248624	      240.691
	    0	7.17754e-10	0.0617106	141.232	      7.90133	    77294.2	  1.09899   0.000496593	      245.059
	    0	4.58202e-10	 0.013307	167.671	      9.15656	    76655.4	  1.05873   0.000933866	      252.276
   1.1576e-08	4.18233e-12   2.64206e-06	154.504	      9.62298	    76635.1	  1.07663    0.00056724	      248.016
	    0	1.17892e-10   2.78438e-06	104.683	      6.35159	    76662.3	  1.13557   0.000200199	      235.226
	    0	 2.1235e-12   2.86229e-06	101.573	      6.54715	    76506.4	  1.15467   0.000127648	      230.865
	    0	 1.0887e-12   2.78463e-06	100.822	      6.48781	    76888.7	   1.1648   0.000114955		  230
	    0		  0    3.1611e-06	102.003	      6.34154	    77095.8	   1.1679   0.000107452	      230.007
	    0	7.51202e-11   2.66003e-06	145.005	       6.6489	    76931.1	  1.12928   0.000280462	      237.366
	    0	3.67786e-11   2.43306e-06	 164.58	      6.50531	    77506.8	  1.09494   0.000526599	      246.641
	    0	1.45843e-10   2.69124e-06	 126.25	      7.36008	    77829.4	  1.12685   0.000323044	      240.655
	    0	1.00591e-10   2.69977e-06	114.293	      6.76766	    77578.5	  1.15569   0.000164304	      233.893
	    0	6.45566e-11   2.85711e-06	103.499	      6.93164	    77226.4	  1.15305   0.000157675	      233.365
	    0	9.71206e-12    3.1338e-06	96.7038	      6.70385	    76719.9	    1.148   0.000141891	      232.854
	    0	3.07315e-11    3.0802e-06	111.389	      7.92761	      76558	  1.13371   0.000167672	      235.292
	    0	 5.0867e-11   3.08507e-06	106.667	      8.75693	      76325	  1.11523   0.000252326	      238.463
	    0	3.13243e-11   2.92552e-06	108.821	      8.30881	    77360.1	  1.13902   0.000199106	      236.649
	    0	9.80907e-13   3.11597e-06	113.934	      7.68757	    77459.3	  1.14057   0.000185888	       236.63
  1.15774e-08	6.46752e-14   2.44118e-06	 163.09	      8.37886	    77656.5	  1.12326   0.000239385	      240.889
	    0	8.20189e-11   2.64691e-06	114.443	      7.00039	    77584.9	  1.14316   0.000210247	      236.476
	    0	3.29843e-12   2.94254e-06	93.3888	      5.99577	    77674.4	  1.18072   0.000102145	      229.218
	    0	9.82524e-11   2.92012e-06	107.171	      7.14868	    77623.6	  1.16323   0.000158857	      232.513
	    0	1.17536e-10   2.31183e-06	181.444	       6.6222	      77193	  1.08334   0.000605569	      248.274
	    0	4.60153e-10   2.69337e-06	128.687	       6.8341	    76392.1	  1.09699   0.000398741	      242.642
	    0	3.92082e-10   2.81342e-06	109.482	      8.28296	    75603.7	  1.09147    0.00035249	      241.352
	    0	1.28165e-10   3.06224e-06	95.6636	      8.21168	    75729.7	  1.10282   0.000286967	      239.266
	    0	9.61504e-12    2.9711e-06	92.7606	      6.48443	      76174	  1.15073   0.000124113	       230.65
	    0	1.94026e-13   2.94693e-06	106.944	      6.60255	    77172.3	  1.16677    0.00011639	      230.459
	    0	 1.3474e-12   2.55823e-06	144.481	      7.72863	    77770.8	  1.14571   0.000213216	      236.516
  1.15829e-08		  0   2.35292e-06	171.254	       8.0002	    77044.8	  1.10065   0.000384205		243.9
	    0		  0   2.19108e-06	184.527	      1.88401	    76744.6	  1.08464   0.000466485	      246.537
	    0		  0   2.71932e-06	125.381	       5.2243	    77409.5	  1.15695   0.000149924	       233.13
	    0		  0    3.0296e-06	91.1597	      7.25858	    77882.8	  1.20259   6.35221e-05	      225.653
	    0	2.82415e-12   3.07322e-06	89.7498	      8.48513	    76948.1	  1.16364   0.000111079	      230.409
	    0	1.06984e-10   2.79552e-06	88.8084	      7.90075	    76699.7	  1.14633   0.000158903	      233.132
	    0	2.29489e-11   3.20576e-06	98.9911	      8.32393	    76356.8	  1.12358   0.000211621	      236.788
	    0	1.24672e-10   2.82272e-06	106.129	      6.78899	    76596.3	  1.12689   0.000217683	      236.835
	    0	1.79829e-10   2.60279e-06	150.034	      7.50881	    77088.9	  1.09944   0.000433116	      244.309
  1.15788e-08		  0   2.17773e-06	 183.23	      9.96706	    76408.5	  1.06488   0.000593186	      250.012
	    0	7.83971e-11   2.55199e-06	 140.52	      6.25106	    76265.5	  1.10196   0.000318043	      241.145
	    0	2.73705e-10   2.75969e-06	111.092	      6.65018	    75378.1	  1.11008    0.00022225	      236.597
	    0	1.75054e-10   2.60489e-06	  123.8	      8.09235	    76142.6	  1.11752   0.000232652	      237.406
  1.15774e-08	1.82168e-11   2.42643e-06	145.958	      6.85578	    76885.2	  1.11298   0.000289311	      240.698
	    0	7.46028e-11   2.55178e-06	129.604	      6.76485	    76687.9	  1.12795   0.000223784	      236.895
	    0	2.47167e-11   2.45893e-06	145.676	      7.28676	    77126.2	  1.13484   0.000215618	      236.802
  2.31727e-08		  0    1.5148e-06	188.945	      16.3519	    78105.4	  1.12579   0.000265436	      241.736
  7.05046e-08	5.60518e-13   1.22875e-06	216.758	      16.1839	    77330.3	  1.07203   0.000637998	      251.341
  1.16775e-07	6.43518e-12   1.10543e-06	233.341	      18.9999	    75362.9	  1.03285   0.000879886	      254.236
  2.32182e-08	2.04805e-13   2.16207e-06	178.645	      15.1549	    75549.1	  1.08037   0.000332738	      243.654
	    0	2.37142e-13   2.94723e-06	92.9523	      7.78562	    76156.9	  1.13873   0.000142187	      233.027
	    0	1.07792e-14   3.13241e-06	89.5489	      7.03309	    76383.4	  1.15977   9.46991e-05	      229.481
	    0	8.25686e-11   2.72473e-06	132.265	      8.34432	    75486.3	  1.10815   0.000242792	       237.35
	    0	4.95843e-13    2.4036e-06	169.513	      7.11407	    75419.7	  1.05824   0.000588144	      248.324
  2.31879e-08	2.03727e-11   1.74494e-06	211.295	      7.04031	    75225.6	   1.0497   0.000650981		249.7
	    0		  0   2.71282e-06	134.733	      8.91952	    75941.1	  1.09051   0.000265494	      242.641
  1.15898e-08	8.40777e-13   9.29677e-07	188.853	      8.69624	    75372.8	  1.06053   0.000517948	      247.633
  1.15898e-08		  0   1.85181e-06	188.645	      2.81478	    76255.8	  1.09568   0.000292472	      242.497
	    0	 2.9535e-12   2.42852e-06	 122.61	      2.86333	    77144.4	    1.137   0.000186296	      236.407
	    0	2.47922e-13   3.11195e-06	79.9892	      7.28843	    76591.7	  1.17983    5.9383e-05	      226.193
   1.1587e-08	 6.0439e-11	2.375e-06	135.602	       10.087	    75673.8	  1.10874   0.000267941	      237.812
	    0	3.95597e-12   2.39395e-06	146.923	       6.1854	    75259.7	  1.08459   0.000326301	      241.777
	    0	1.36896e-12   2.74143e-06	111.355	      5.97236	    74880.4	  1.12144   0.000151665	      232.654
	    0	6.75856e-12   2.68646e-06	109.998	      5.91545	    75095.2	  1.12857    0.00014246	      231.848
	    0	1.65245e-11   2.70511e-06	115.486	      6.48796	    74834.9	  1.11566   0.000165569	      233.717
	    0	1.24931e-11   2.69843e-06	109.645	      6.15061	    75014.1	  1.12537   0.000147671	      232.254
	    0	9.81985e-12   2.58757e-06	  115.9	      7.46876	      74984	  1.12315   0.000152249	      232.621
	    0	1.61688e-13   2.50308e-06	138.832	      9.07101	    75365.7	  1.07618   0.000349617	      244.009
	    0	2.91038e-13   2.76685e-06	118.323	      8.83684	    75458.7	   1.0867   0.000299753	      241.945
	    0	5.71297e-13   2.54919e-06	125.894	       8.4122	    76140.3	  1.10244   0.000280647	      240.646
	    0	1.50909e-13   2.50644e-06	132.035	      11.4931	    76880.4	  1.08344   0.000479373	      247.247
	    0	5.28181e-13   2.59767e-06	120.681	       11.958	    76742.4	  1.07812   0.000411984	       248.02
