      230.344	   0.802344		0   6.84805e-09		    0	6.84805e-09
      230.367	   0.802257		0   6.88571e-09		    0	6.88571e-09
      230.326	   0.802228		0   6.91561e-09		    0	6.91561e-09
      230.295	   0.802261		0   6.90967e-09		    0	6.90967e-09
      230.253	   0.802284		0   6.91659e-09		    0	6.91659e-09
      230.314	   0.802267		0   6.93849e-09		    0	6.93849e-09
      230.407	   0.802245		0    6.8963e-09		    0	 6.8963e-09
      230.485	   0.802228		0   7.05465e-09		    0	7.05465e-09
      230.588	   0.802245		0   7.19766e-09		    0	7.19766e-09
      230.664	   0.802259		0   7.29488e-09		    0	7.29488e-09
      230.664	   0.802279		0    7.3752e-09		    0	 7.3752e-09
      230.654	   0.802336		0   7.42773e-09		    0	7.42773e-09
       230.64	    0.80236		0   7.41345e-09		    0	7.41345e-09
      230.592	    0.80239		0   7.40524e-09		    0	7.40524e-09
      230.575	    0.80237		0   7.34441e-09		    0	7.34441e-09
      230.533	   0.802382		0   7.30958e-09		    0	7.30958e-09
      230.539	   0.802359		0   7.33851e-09		    0	7.33851e-09
      230.584	   0.802259		0    7.4734e-09		    0	 7.4734e-09
       230.55	   0.802282		0   7.44262e-09		    0	7.44262e-09
      230.443	   0.802236		0   7.50417e-09		    0	7.50417e-09
      230.423	   0.802241		0   7.49647e-09		    0	7.49647e-09
      230.367	   0.802306		0   7.52983e-09		    0	7.52983e-09
      230.296	   0.802334		0   7.66613e-09		    0	7.66613e-09
      230.299	   0.802325		0   7.68066e-09		    0	7.68066e-09
       230.32	   0.802448		0   7.65865e-09		    0	7.65865e-09
      230.329	   0.802566		0   7.73676e-09		    0	7.73676e-09
      230.354	   0.802583		0   7.82182e-09		    0	7.82182e-09
      230.339	   0.802735		0    7.7481e-09		    0	 7.7481e-09
       230.31	   0.802755		0   7.73191e-09		    0	7.73191e-09
      230.285	   0.802834		0   7.76035e-09		    0	7.76035e-09
      230.299	   0.802867		0   7.82697e-09		    0	7.82697e-09
      230.361	   0.802991		0   7.90771e-09		    0	7.90771e-09
      230.442	   0.803078		0   7.89455e-09		    0	7.89455e-09
      230.525	   0.803178		0   7.86616e-09		    0	7.86616e-09
      230.623	   0.803242		0   7.95562e-09		    0	7.95562e-09
      230.683	   0.803387		0   8.02775e-09		    0	8.02775e-09
      230.647	   0.803408		0   8.06341e-09		    0	8.06341e-09
      230.573	   0.803453		0   7.95207e-09		    0	7.95207e-09
      230.479	   0.803448		0   7.81933e-09		    0	7.81933e-09
      230.437	   0.803488		0   7.68822e-09		    0	7.68822e-09
       230.41	   0.803501		0   7.50013e-09		    0	7.50013e-09
      230.446	   0.803459		0   7.42011e-09		    0	7.42011e-09
      230.478	   0.803518		0   7.38414e-09		    0	7.38414e-09
      230.541	   0.803614		0    7.3505e-09		    0	 7.3505e-09
       230.65	   0.803627		0    7.5311e-09		    0	 7.5311e-09
      230.735	   0.803698		0   7.55155e-09		    0	7.55155e-09
       230.77	   0.803733		0   7.59467e-09		    0	7.59467e-09
      230.792	   0.803871		0   7.58144e-09		    0	7.58144e-09
      230.854	   0.803922		0   7.55415e-09		    0	7.55415e-09
      230.919	   0.803963		0   7.47528e-09		    0	7.47528e-09
      230.913	   0.803944		0   7.45407e-09		    0	7.45407e-09
      230.918	    0.80392		0   7.44023e-09		    0	7.44023e-09
      230.957	   0.803854		0   7.37298e-09		    0	7.37298e-09
      231.038	   0.803836		0   7.50266e-09		    0	7.50266e-09
      231.114	   0.803774		0   7.51126e-09		    0	7.51126e-09
      231.167	   0.803757		0   7.54685e-09		    0	7.54685e-09
      231.223	   0.803743		0   7.48892e-09		    0	7.48892e-09
       231.28	   0.803662		0   7.52544e-09		    0	7.52544e-09
       231.34	   0.803693		0   7.53975e-09		    0	7.53975e-09
       231.41	   0.803644		0   7.48265e-09		    0	7.48265e-09
      231.498	    0.80359		0   7.43214e-09		    0	7.43214e-09
      231.571	   0.803499		0   7.34528e-09		    0	7.34528e-09
      231.672	   0.803401		0   7.31745e-09		    0	7.31745e-09
      231.743	   0.803335		0   7.28921e-09		    0	7.28921e-09
	231.8	   0.803246		0    7.2239e-09		    0	 7.2239e-09
      231.889	   0.803111		0   7.24506e-09		    0	7.24506e-09
      231.992	   0.803024		0   7.15731e-09		    0	7.15731e-09
      232.105	   0.802909		0    7.1568e-09		    0	 7.1568e-09
      232.238	   0.802829		0   7.20645e-09		    0	7.20645e-09
      232.357	   0.802677		0   7.31331e-09		    0	7.31331e-09
      232.462	   0.802587		0    7.3688e-09		    0	 7.3688e-09
      232.546	   0.802528		0   7.38156e-09		    0	7.38156e-09
      232.649	    0.80239		0   7.35949e-09		    0	7.35949e-09
      232.724	   0.802211		0   7.24904e-09		    0	7.24904e-09
      232.784	   0.802071		0   7.03273e-09		    0	7.03273e-09
      232.854	   0.801964		0   6.95974e-09		    0	6.95974e-09
      232.995	   0.801778		0   6.89537e-09		    0	6.89537e-09
      233.186	   0.801606		0   6.88131e-09		    0	6.88131e-09
      233.418	   0.801386		0   6.97624e-09		    0	6.97624e-09
      233.676	   0.801236		0   7.02135e-09		    0	7.02135e-09
      233.947	   0.801136		0   7.01491e-09		    0	7.01491e-09
      234.192	   0.801004		0   7.04397e-09		    0	7.04397e-09
       234.42	    0.80084		0    7.0359e-09		    0	 7.0359e-09
      234.611	     0.8007		0    6.9344e-09		    0	 6.9344e-09
      234.784	    0.80056		0   6.90409e-09		    0	6.90409e-09
      234.977	    0.80045		0   6.93357e-09		    0	6.93357e-09
      235.209	   0.800256		0   6.99838e-09		    0	6.99838e-09
      235.463	   0.800097		0   6.99088e-09		    0	6.99088e-09
      235.739	   0.799922		0   7.03299e-09		    0	7.03299e-09
      236.021	   0.799785		0   7.06079e-09		    0	7.06079e-09
      236.302	   0.799604		0   7.10394e-09		    0	7.10394e-09
      236.586	   0.799448		0   7.12692e-09		    0	7.12692e-09
      236.865	   0.799245		0   7.20536e-09		    0	7.20536e-09
      237.135	   0.799052		0   7.17591e-09		    0	7.17591e-09
      237.437	   0.798879		0   7.18284e-09		    0	7.18284e-09
      237.743	   0.798713		0   7.17686e-09		    0	7.17686e-09
      238.043	   0.798507		0    7.1413e-09		    0	 7.1413e-09
      238.353	   0.798379		0   7.15666e-09		    0	7.15666e-09
      238.665	   0.798108		0   7.13183e-09		    0	7.13183e-09
      239.012	   0.797861		0   7.17713e-09		    0	7.17713e-09
      239.336	   0.797563		0   7.14235e-09		    0	7.14235e-09
      239.626	    0.79722		0   7.08745e-09		    0	7.08745e-09
      239.934	   0.796986		0   7.17475e-09		    0	7.17475e-09
      240.309	   0.796733		0   7.26893e-09		    0	7.26893e-09
      240.689	   0.796469		0   7.39106e-09		    0	7.39106e-09
      241.059	   0.796201		0   7.40645e-09		    0	7.40645e-09
      241.425	   0.796024		0   7.48608e-09		    0	7.48608e-09
      241.765	   0.795819		0   7.46555e-09		    0	7.46555e-09
      242.095	    0.79559		0   7.43705e-09		    0	7.43705e-09
      242.441	   0.795405		0   7.49517e-09		    0	7.49517e-09
      242.771	   0.795048		0   7.51721e-09		    0	7.51721e-09
      243.118	   0.794817		0   7.44594e-09		    0	7.44594e-09
      243.441	   0.794565		0   7.27975e-09		    0	7.27975e-09
      243.744	   0.794397		0   7.22844e-09		    0	7.22844e-09
      244.061	   0.794128		0   7.15734e-09		    0	7.15734e-09
      244.365	   0.793796		0   7.15847e-09		    0	7.15847e-09
      244.677	   0.793557		0   7.08812e-09		    0	7.08812e-09
      244.999	   0.793288		0    7.0473e-09		    0	 7.0473e-09
      245.297	   0.793056		0   7.02686e-09		    0	7.02686e-09
      245.611	   0.792786		0   7.03561e-09		    0	7.03561e-09
      245.926	   0.792472		0   7.01362e-09		    0	7.01362e-09
      246.236	    0.79214		0    6.9545e-09		    0	 6.9545e-09
      246.526	   0.791817		0   6.94565e-09		    0	6.94565e-09
      246.842	   0.791647		0   6.96001e-09		    0	6.96001e-09
      247.142	   0.791327		0   7.00822e-09		    0	7.00822e-09
      247.454	   0.791083		0   6.94132e-09		    0	6.94132e-09
       247.78	   0.791023		0   7.07047e-09	  1.23584e-14	7.07048e-09
      248.115	   0.790879		0   7.10725e-09	  6.23143e-13	7.10787e-09
      248.441	   0.790825		0   7.16195e-09	  6.23143e-13	7.16258e-09
      248.763	   0.790647		0   7.13471e-09	  6.23143e-13	7.13533e-09
      249.107	   0.790683		0   7.21667e-09	  6.23143e-13	 7.2173e-09
      249.498	    0.79079		0   7.28723e-09	  2.49169e-12	7.28972e-09
      249.877	   0.790798		0   7.26028e-09	   3.5486e-12	7.26383e-09
      250.179	   0.790802		0   7.21032e-09	  4.41553e-12	7.21474e-09
       250.48	   0.790808		0   7.25971e-09	  5.79899e-12	7.26551e-09
      250.776	   0.790716		0   7.24515e-09	  1.04987e-11	7.25565e-09
      251.044	   0.790527		0   7.14235e-09	  1.45629e-11	7.15692e-09
      251.305	    0.79039		0   7.07522e-09	  1.50153e-11	7.09024e-09
       251.56	   0.790287		0   7.03687e-09	  1.50153e-11	7.05189e-09
      251.802	   0.790149		0   6.99658e-09	   1.5793e-11	7.01237e-09
      252.077	   0.790391		0    7.0268e-09	   1.5793e-11	 7.0426e-09
      252.343	   0.790491		0   7.06217e-09	  1.96289e-11	 7.0818e-09
      252.615	   0.790661		0   7.14883e-09	  2.54581e-11	7.17429e-09
      252.878	    0.79069		0   7.16304e-09	  2.99586e-11	  7.193e-09
      253.155	   0.790898		0   7.31508e-09	  3.71878e-11	7.35226e-09
      253.439	   0.791168		0   7.26665e-09	  4.65332e-11	7.31318e-09
      253.696	   0.791326		0   7.26627e-09	  5.49906e-11	7.32127e-09
      253.921	   0.791558		0   7.29885e-09	  6.26432e-11	7.36149e-09
      254.143	   0.791686		0   7.24527e-09	  8.07674e-11	7.32603e-09
      254.329	   0.791722		0   7.11134e-09	   1.1245e-10	7.22379e-09
      254.507	   0.792007		0   7.10718e-09	  1.17962e-10	7.22514e-09
      254.689	   0.792286		0   7.13145e-09	  1.20085e-10	7.25153e-09
      254.854	   0.792659		0   7.15917e-09	  1.20085e-10	7.27925e-09
      255.034	   0.793051		0   7.23836e-09	  1.22468e-10	7.36083e-09
      255.218	   0.793524		0   7.23056e-09	  1.38488e-10	7.36905e-09
      255.358	   0.794052		0   7.23009e-09	  1.49541e-10	7.37963e-09
      255.481	   0.794299		0   7.10551e-09	  1.69452e-10	7.27496e-09
      255.569	   0.794628		0   6.93507e-09	  1.92952e-10	7.12802e-09
      255.669	   0.794964		0   6.87465e-09	  2.29156e-10	7.10381e-09
      255.784	   0.795344		0   6.86809e-09	  2.71521e-10	7.13962e-09
      255.892	   0.795533		0   6.73253e-09	  3.14735e-10	7.04727e-09
      255.977	   0.795727		0   6.67282e-09	  3.53121e-10	7.02595e-09
      256.089	   0.796078		0   6.76511e-09	  3.90605e-10	7.15571e-09
      256.221	   0.796447		0   6.77155e-09	  4.33991e-10	7.20554e-09
      256.297	   0.796752		0   6.69757e-09	  4.71725e-10	 7.1693e-09
      256.405	   0.797332		0   6.80323e-09	  5.04085e-10	7.30732e-09
      256.517	   0.797823		0   6.99713e-09	  5.30825e-10	7.52796e-09
      256.621	   0.798416		0   7.15067e-09	  5.68962e-10	7.71963e-09
      256.759	   0.799142		0   7.19029e-09	  6.09711e-10	    7.8e-09
      256.828	   0.799781		0   7.11974e-09	  6.33049e-10	7.75279e-09
      256.886	   0.800108		0   7.09413e-09	  6.62836e-10	7.75697e-09
      256.909	   0.800425		0   6.97185e-09	  6.85908e-10	7.65776e-09
      256.957	    0.80093		0   7.01417e-09	  6.97912e-10	7.71208e-09
      256.974	   0.801385		0   6.90222e-09	  7.08297e-10	7.61051e-09
      256.988	   0.801785		0   6.81314e-09	  7.07115e-10	7.52026e-09
      257.012	   0.802173		0   6.85162e-09	  7.07346e-10	7.55897e-09
      257.022	   0.802559		0   6.89296e-09	  7.10912e-10	7.60388e-09
      257.059	   0.802955		0   7.01975e-09	  7.16821e-10	7.73658e-09
      257.086	   0.803547		0     7.198e-09	  7.17165e-10	7.91516e-09
      257.106	   0.804186		0   7.31095e-09	  7.03158e-10	8.01411e-09
      257.108	   0.804608		0    7.2996e-09	  7.14073e-10	8.01368e-09
      257.143	   0.805084		0   7.39632e-09	  7.30252e-10	8.12657e-09
      257.199	   0.805472		0   7.42345e-09	  7.42299e-10	8.16575e-09
      257.204	   0.805774		0    7.3092e-09	  7.48236e-10	8.05743e-09
      257.201	   0.806085		0   7.35377e-09	  7.39644e-10	8.09342e-09
       257.18	   0.806131		0   7.34854e-09	  7.41186e-10	8.08973e-09
      257.206	   0.806492		0   7.44425e-09	  7.33631e-10	8.17788e-09
      257.233	   0.806729		0    7.6737e-09	  7.16157e-10	8.38985e-09
      257.226	   0.807007		0   7.78091e-09	  6.87104e-10	8.46802e-09
      257.168	   0.807268		0   7.75263e-09	   6.5099e-10	8.40362e-09
      257.089	    0.80758		0    7.7714e-09	  6.10293e-10	8.38169e-09
      257.031	   0.807854		0   7.79752e-09	  5.76472e-10	8.37399e-09
      256.942	   0.807925		0   7.67196e-09	  5.51212e-10	8.22317e-09
      256.838	   0.808084		0     7.778e-09	  5.12762e-10	8.29076e-09
       256.78	   0.808349		0   7.82757e-09	  4.77772e-10	8.30534e-09
      256.671	   0.808373		0   7.76913e-09	  4.41667e-10	8.21079e-09
      256.572	   0.808628		0   7.63713e-09	  4.11949e-10	8.04908e-09
      256.478	   0.808745		0   7.58185e-09	  3.74074e-10	7.95592e-09
      256.378	     0.8087		0   7.63468e-09	  3.36013e-10	 7.9707e-09
       256.31	   0.808793		0   7.72579e-09	   3.1197e-10	8.03776e-09
	256.2	   0.808965		0     7.789e-09	   2.8313e-10	8.07213e-09
      256.108	   0.809168		0   7.94434e-09	  2.56799e-10	8.20114e-09
       255.99	   0.809169		0   7.96489e-09	   2.3907e-10	8.20396e-09
      255.887	   0.809266		0   8.09969e-09	  2.24185e-10	8.32387e-09
      255.747	   0.809303		0   8.11161e-09	  2.18138e-10	8.32975e-09
      255.627	   0.809408		0   8.18279e-09	  2.08561e-10	8.39135e-09
      255.489	   0.809479		0   8.14436e-09	  1.96538e-10	 8.3409e-09
      255.328	   0.809393		0   8.01071e-09	  1.82976e-10	8.19369e-09
      255.198	   0.809224		0    7.9927e-09	  1.67831e-10	8.16053e-09
      255.069	   0.809243		0   8.09019e-09	  1.51071e-10	8.24126e-09
      254.924	   0.809234		0   8.05956e-09	  1.34644e-10	8.19421e-09
       254.71	   0.809187		0   7.98567e-09	  1.16342e-10	8.10201e-09
      254.491	   0.809233		0   7.94497e-09	  1.04295e-10	8.04926e-09
      254.265	   0.809175		0   7.90403e-09	  9.59747e-11	8.00001e-09
      253.998	   0.809168		0   7.91374e-09	  8.85476e-11	8.00228e-09
      253.786	    0.80922		0     8.038e-09	  7.61682e-11	8.11417e-09
      253.577	   0.809127		0   8.07976e-09	  6.38001e-11	8.14356e-09
      253.402	   0.809208		0   8.08313e-09	  5.71631e-11	 8.1403e-09
      253.231	   0.809254		0   8.07769e-09	  5.00109e-11	 8.1277e-09
      253.081	   0.809267		0   8.25123e-09	  4.37604e-11	8.29499e-09
      252.909	   0.809133		0   8.39903e-09	  4.12431e-11	8.44027e-09
      252.696	   0.809104		0    8.5378e-09	  3.48099e-11	8.57261e-09
      252.477	   0.809119		0   8.64676e-09	  2.15293e-11	8.66829e-09
      252.253	   0.808988		0   8.59735e-09	  1.57267e-11	8.61308e-09
      252.013	   0.808837		0   8.56304e-09	  1.15982e-11	8.57464e-09
      251.758	    0.80878		0   8.47659e-09	  1.06443e-11	8.48723e-09
      251.507	   0.808639		0   8.56311e-09	  9.55773e-12	8.57267e-09
      251.273	   0.808473		0   8.60027e-09	  8.84371e-12	8.60911e-09
      250.985	   0.808318		0   8.64575e-09	  6.15497e-12	8.65191e-09
       250.74	   0.808103		0   8.78844e-09	  6.08282e-12	8.79452e-09
      250.505	   0.807858		0   8.77555e-09	  5.13497e-12	8.78068e-09
      250.249	   0.807691		0   8.78227e-09	  4.55889e-12	8.78683e-09
      250.002	   0.807509		0   8.96454e-09	  4.45446e-12	  8.969e-09
      249.718	   0.807296		0   9.01214e-09	  4.45446e-12	9.01659e-09
      249.422	   0.807082		0   8.98617e-09	  4.45446e-12	8.99063e-09
      249.107	   0.806834		0   8.99313e-09	  4.45446e-12	8.99758e-09
      248.848	   0.806679		0   9.16154e-09	  4.45446e-12	  9.166e-09
      248.642	   0.806653		0   9.33426e-09	  4.45446e-12	9.33871e-09
      248.368	    0.80655		0   9.37094e-09	   1.1318e-12	9.37207e-09
      248.076	    0.80634		0   9.39156e-09	  2.15732e-13	9.39178e-09
      247.856	   0.806203		0    9.6017e-09	  2.15732e-13	9.60191e-09
      247.661	   0.806078		0   9.71367e-09	  2.15732e-13	9.71388e-09
      247.445	   0.805872		0   9.78567e-09	  2.15732e-13	9.78588e-09
      247.201	   0.805716		0   9.89612e-09	  2.15732e-13	9.89634e-09
       247.05	   0.805569		0   9.98595e-09	  2.15732e-13	9.98617e-09
      246.861	    0.80548		0   1.00603e-08		    0	1.00603e-08
      246.604	   0.805339		0   1.01164e-08		    0	1.01164e-08
      246.253	   0.805068		0   9.99166e-09		    0	9.99166e-09
      245.917	   0.804829		0   9.90551e-09		    0	9.90551e-09
      245.596	   0.804696		0   9.89858e-09		    0	9.89858e-09
      245.316	   0.804684		0   9.85604e-09		    0	9.85604e-09
      245.012	    0.80458		0   9.79242e-09		    0	9.79242e-09
       244.76	   0.804458		0   9.79185e-09		    0	9.79185e-09
      244.565	   0.804381		0   9.94423e-09		    0	9.94423e-09
      244.394	   0.804303		0   1.01847e-08		    0	1.01847e-08
       244.25	   0.804195		0   1.04017e-08		    0	1.04017e-08
      244.027	    0.80406		0   1.04387e-08		    0	1.04387e-08
      243.774	   0.803973		0   1.04594e-08		    0	1.04594e-08
      243.509	   0.803902		0   1.05016e-08		    0	1.05016e-08
      243.259	   0.803813		0   1.05431e-08		    0	1.05431e-08
      243.075	   0.803778		0   1.07231e-08		    0	1.07231e-08
      242.849	   0.803668		0   1.06658e-08		    0	1.06658e-08
      242.511	   0.803611		0   1.03723e-08		    0	1.03723e-08
      242.176	   0.803523		0   1.02319e-08		    0	1.02319e-08
      241.935	   0.803461		0   1.02669e-08		    0	1.02669e-08
      241.694	   0.803429		0   1.02168e-08		    0	1.02168e-08
      241.499	   0.803368		0   1.01785e-08		    0	1.01785e-08
      241.234	   0.803261		0   1.01185e-08		    0	1.01185e-08
      240.964	   0.803223		0    1.0073e-08		    0	 1.0073e-08
      240.747	   0.803175		0   9.99859e-09		    0	9.99859e-09
      240.459	   0.803093		0   9.87981e-09		    0	9.87981e-09
      240.153	    0.80303		0    9.8089e-09		    0	 9.8089e-09
      239.846	   0.802984		0   9.69508e-09		    0	9.69508e-09
      239.569	   0.802923		0    9.6332e-09		    0	 9.6332e-09
      239.278	   0.802848		0   9.55612e-09		    0	9.55612e-09
      238.977	   0.802743		0   9.43741e-09		    0	9.43741e-09
      238.693	   0.802737		0   9.34268e-09		    0	9.34268e-09
      238.552	   0.802642		0   9.43671e-09		    0	9.43671e-09
      238.408	   0.802608		0   9.52856e-09		    0	9.52856e-09
      238.241	   0.802507		0   9.50596e-09		    0	9.50596e-09
      238.108	   0.802434		0   9.54109e-09		    0	9.54109e-09
      237.956	   0.802356		0   9.52208e-09		    0	9.52208e-09
      237.678	    0.80231		0    9.4607e-09		    0	 9.4607e-09
       237.35	   0.802271		0   9.29529e-09		    0	9.29529e-09
      237.065	   0.802202		0   9.10889e-09		    0	9.10889e-09
      236.812	   0.802143		0   8.97606e-09		    0	8.97606e-09
      236.628	   0.802061		0    9.0387e-09		    0	 9.0387e-09
      236.428	   0.801957		0   9.07923e-09		    0	9.07923e-09
      236.221	   0.801918		0   9.03071e-09		    0	9.03071e-09
      235.959	   0.801932		0   8.84506e-09		    0	8.84506e-09
      235.698	   0.801857		0   8.74005e-09		    0	8.74005e-09
      235.484	   0.801881		0   8.75756e-09		    0	8.75756e-09
      235.347	   0.801829		0   8.88475e-09		    0	8.88475e-09
      235.328	   0.801806		0   9.06349e-09		    0	9.06349e-09
       235.36	   0.801762		0   9.21246e-09		    0	9.21246e-09
      235.348	    0.80169		0   9.20335e-09		    0	9.20335e-09
      235.269	   0.801599		0   9.28712e-09		    0	9.28712e-09
      235.211	   0.801518		0   9.31611e-09		    0	9.31611e-09
      235.162	   0.801422		0   9.44418e-09		    0	9.44418e-09
       235.06	   0.801379		0   9.48053e-09		    0	9.48053e-09
      234.944	   0.801378		0   9.59439e-09		    0	9.59439e-09
      234.814	   0.801346		0   9.62912e-09		    0	9.62912e-09
      234.652	   0.801304		0   9.58536e-09		    0	9.58536e-09
       234.48	   0.801245		0   9.64743e-09		    0	9.64743e-09
      234.268	   0.801191		0   9.51669e-09		    0	9.51669e-09
      234.113	   0.801167		0   9.53715e-09		    0	9.53715e-09
      234.047	   0.801091		0   9.67444e-09		    0	9.67444e-09
      233.916	   0.801098		0   9.65781e-09		    0	9.65781e-09
      233.789	   0.801089		0   9.64107e-09		    0	9.64107e-09
       233.68	   0.801149		0   9.56033e-09		    0	9.56033e-09
      233.519	   0.801124		0   9.47136e-09		    0	9.47136e-09
      233.438	   0.801103		0   9.47367e-09		    0	9.47367e-09
      233.415	   0.801077		0   9.49595e-09		    0	9.49595e-09
      233.428	   0.801087		0    9.5119e-09		    0	 9.5119e-09
      233.336	   0.801131		0   9.50421e-09		    0	9.50421e-09
       233.17	   0.801142		0   9.45193e-09		    0	9.45193e-09
      233.022	    0.80124		0   9.34261e-09		    0	9.34261e-09
      232.939	   0.801271		0   9.25547e-09		    0	9.25547e-09
      232.905	    0.80126		0   9.14073e-09		    0	9.14073e-09
      232.852	   0.801171		0   9.08873e-09		    0	9.08873e-09
      232.781	   0.801128		0   9.00167e-09		    0	9.00167e-09
      232.731	   0.801027		0    9.0021e-09		    0	 9.0021e-09
      232.679	   0.801054		0   8.95957e-09		    0	8.95957e-09
      232.556	    0.80106		0   8.83732e-09		    0	8.83732e-09
      232.348	   0.801052		0   8.68428e-09		    0	8.68428e-09
      232.169	   0.801021		0   8.61003e-09		    0	8.61003e-09
      232.007	   0.801039		0   8.37113e-09		    0	8.37113e-09
      231.798	   0.801035		0   8.17973e-09		    0	8.17973e-09
      231.532	    0.80108		0   7.93728e-09		    0	7.93728e-09
      231.301	   0.801096		0   7.86132e-09		    0	7.86132e-09
      231.155	   0.801097		0   7.72276e-09		    0	7.72276e-09
      231.081	   0.801054		0   7.78042e-09		    0	7.78042e-09
      231.156	   0.801013		0   7.96883e-09		    0	7.96883e-09
      231.238	   0.800984		0   7.97052e-09		    0	7.97052e-09
      231.262	   0.800993		0   8.04196e-09		    0	8.04196e-09
      231.191	   0.801037		0   7.95399e-09		    0	7.95399e-09
      231.028	   0.801101		0    7.7186e-09		    0	 7.7186e-09
      230.941	   0.801129		0   7.66554e-09		    0	7.66554e-09
      230.836	   0.801069		0   7.59821e-09		    0	7.59821e-09
      230.741	    0.80102		0   7.49589e-09		    0	7.49589e-09
       230.62	   0.801073		0    7.4661e-09		    0	 7.4661e-09
      230.492	   0.801159		0   7.44829e-09		    0	7.44829e-09
      230.409	   0.801242		0   7.33744e-09		    0	7.33744e-09
      230.308	   0.801286		0   7.25548e-09		    0	7.25548e-09
      230.224	   0.801349		0    7.1812e-09		    0	 7.1812e-09
      230.251	   0.801395		0   7.26843e-09		    0	7.26843e-09
      230.272	   0.801339		0   7.23881e-09		    0	7.23881e-09
      230.246	    0.80139		0   7.20091e-09		    0	7.20091e-09
      230.195	   0.801412		0   7.22839e-09		    0	7.22839e-09
       230.17	   0.801547		0   7.24958e-09		    0	7.24958e-09
      230.309	   0.801633		0   7.32614e-09		    0	7.32614e-09
      230.248	   0.801728		0   7.23746e-09		    0	7.23746e-09
      230.143	   0.801804		0   7.13482e-09		    0	7.13482e-09
      230.079	   0.801888		0    7.1489e-09		    0	 7.1489e-09
      230.043	   0.802018		0    7.0839e-09		    0	 7.0839e-09
      229.975	   0.802138		0   7.13429e-09		    0	7.13429e-09
      229.948	   0.802161		0   7.16476e-09		    0	7.16476e-09
      230.003	   0.802287		0   7.22652e-09		    0	7.22652e-09
      230.106	   0.802341		0   7.25159e-09		    0	7.25159e-09
       230.22	   0.802307		0   7.31246e-09		    0	7.31246e-09
      230.326	   0.802243		0   7.25477e-09		    0	7.25477e-09
      230.339	   0.802299		0   7.08612e-09		    0	7.08612e-09
      230.277	   0.802324		0   6.96861e-09		    0	6.96861e-09
      230.269	   0.802364		0   6.91843e-09		    0	6.91843e-09
       230.31	   0.802363		0   6.87609e-09		    0	6.87609e-09
