  6.62329e-09	 1.8326e-11	    65607	139.182	  5.84686e-06	    3.06364	 0.967989	236.155	  0.000264365
  6.65979e-09	1.82311e-11	  65587.8	 139.18	  5.89124e-06	    3.09328	 0.967817	236.128	  0.000264019
  6.68958e-09	1.82841e-11	  65570.2	138.941	  5.92538e-06	    3.10309	 0.967732	236.086	  0.000262772
  6.68248e-09	1.83294e-11	  65556.2	138.674	  5.95949e-06	    3.12501	 0.967618	236.063	   0.00026239
   6.6898e-09	1.78948e-11	  65549.8	138.586	   5.9846e-06	    3.18071	 0.967673	236.027	  0.000261514
  6.71167e-09	1.74466e-11	  65546.2	 138.85	  6.00083e-06	    3.22852	 0.967486	236.059	   0.00026133
  6.66765e-09	1.76974e-11	  65543.2	139.065	  6.01826e-06	    3.27105	 0.967263	236.103	  0.000261785
   6.8211e-09	1.82462e-11	  65543.4	139.257	  6.03491e-06	    3.31882	 0.967097	236.144	  0.000263313
  6.96052e-09	1.85903e-11	  65545.1	  139.4	  6.04976e-06	    3.35582	 0.966808	236.221	  0.000265842
  7.05571e-09	1.87383e-11	  65548.2	139.557	    6.065e-06	    3.34591	 0.966572	 236.29	  0.000267696
  7.13597e-09	1.84483e-11	  65551.2	139.477	  6.09329e-06	    3.34441	 0.966623	236.288	   0.00026809
  7.18703e-09	1.85162e-11	  65554.7	139.435	  6.11866e-06	    3.35419	 0.966699	236.282	  0.000268744
  7.17263e-09	1.85479e-11	  65554.7	139.248	  6.14076e-06	    3.35196	 0.966654	236.293	  0.000269164
  7.16474e-09	1.87226e-11	  65553.2	139.238	  6.16721e-06	    3.34398	 0.966667	236.285	  0.000268836
  7.10371e-09	1.87464e-11	  65553.5	139.101	  6.32047e-06	    3.27364	 0.966753	236.264	  0.000268637
  7.06784e-09	1.85366e-11	  65550.3	 139.08	  6.36523e-06	    3.29986	 0.966752	236.253	  0.000268753
  7.09659e-09	1.83445e-11	  65542.4	139.198	  0.000389119	    3.32467	 0.966578	236.267	  0.000269433
  7.23259e-09	1.80843e-11	  65525.7	139.495	   0.00242826	    3.34504	 0.966311	236.272	  0.000269846
  7.20415e-09	1.77624e-11	  65514.1	 139.23	   0.00729132	    3.29682	  0.96631	236.231	  0.000268928
  7.26857e-09	1.75355e-11	  65509.7	138.964	    0.0168634	    3.30218	 0.966685	236.123	  0.000266539
   7.2617e-09	1.77007e-11	  65511.9	139.099	    0.0300487	    3.31707	 0.966935	 236.07	  0.000265053
  7.29756e-09	1.75008e-11	  65519.8	  138.7	    0.0521067	     3.3194	 0.967344	235.999	  0.000263062
  7.43446e-09	  1.767e-11	  65526.8	138.626	    0.0830935	    3.34625	 0.967678	235.942	  0.000261422
  7.44897e-09	1.82311e-11	  65529.8	138.635	     0.124561	    3.33324	 0.967738	235.939	  0.000261081
   7.4274e-09	1.81974e-11	    65532	138.595	     0.176549	    3.31966	 0.967726	 235.95	  0.000260434
  7.50632e-09	1.81203e-11	  65530.1	 138.47	     0.243881	    3.32648	 0.967618	235.969	  0.000260221
  7.59239e-09	1.82061e-11	  65526.1	138.664	      0.32583	    3.30828	 0.967491	235.985	  0.000260529
  7.52076e-09	1.83262e-11	  65525.3	138.475	     0.434777	    3.31804	 0.967599	235.956	  0.000259612
  7.50654e-09	 1.7736e-11	  65522.5	138.382	     0.552447	    3.34247	 0.967739	235.912	  0.000258521
  7.53508e-09	1.76888e-11	  65523.1	138.192	      0.70212	    3.35546	 0.967867	235.883	  0.000257854
  7.59991e-09	1.79165e-11	    65529	138.177	     0.882888	    3.39199	 0.967881	235.901	  0.000258933
  7.67878e-09	1.85095e-11	  65535.1	138.357	      1.08291	    3.42309	 0.967823	235.937	  0.000259689
  7.66399e-09	 1.8899e-11	  65538.4	138.544	      1.30457	    3.45838	 0.967657	 235.99	  0.000261053
  7.63523e-09	  1.896e-11	  65543.1	138.693	      1.57114	    3.45687	 0.967494	236.046	  0.000261625
  7.72125e-09	1.94625e-11	  65547.4	138.937	      1.84799	    3.46024	 0.967277	236.115	  0.000262966
  7.79295e-09	1.94361e-11	  65548.2	138.887	      2.19157	    3.46371	  0.96714	236.151	  0.000264269
  7.82928e-09	1.93751e-11	  65546.7	138.576	      2.56868	    3.45308	 0.967196	236.132	  0.000264581
  7.72174e-09	1.90024e-11	  65544.8	138.192	      2.99057	     3.4281	 0.967463	 236.06	  0.000263183
  7.59206e-09	1.89415e-11	  65544.5	137.833	      3.47479	    3.44127	 0.967917	235.948	  0.000260511
   7.4627e-09	1.90368e-11	  65544.8	137.594	      3.97501	    3.47556	  0.96822	235.875	   0.00025859
  7.27626e-09	1.89192e-11	  65547.3	137.423	      4.52036	    3.50086	 0.968419	235.836	  0.000257305
   7.1972e-09	1.86728e-11	  65548.6	137.596	      5.06904	    3.50655	 0.968415	235.841	  0.000256724
  7.16115e-09	1.87399e-11	  65553.2	137.459	      5.74684	    3.51779	 0.968527	235.831	  0.000256212
  7.12587e-09	1.87132e-11	  65558.1	 137.47	      6.44896	    3.52698	 0.968504	235.854	  0.000256686
  7.30533e-09	1.87925e-11	  65560.6	137.928	      7.13105	    3.51597	 0.968369	235.896	  0.000257867
  7.32685e-09	1.87982e-11	  65562.1	137.995	      7.91538	    3.46988	 0.968319	235.913	  0.000258366
  7.36993e-09	1.90445e-11	  65565.3	137.951	      8.81718	    3.42891	 0.968406	235.904	  0.000258304
   7.3559e-09	1.89641e-11	  65572.7	137.868	      9.75519	    3.40355	 0.968521	235.902	  0.000258662
    7.327e-09	1.89557e-11	  65573.4	137.941	      10.7573	     3.4226	 0.968466	235.918	  0.000259867
  7.24808e-09	1.87739e-11	  65568.7	137.918	      11.8332	    3.40418	 0.968317	235.938	  0.000260933
  7.22665e-09	1.85243e-11	  65563.4	137.567	      13.0323	    3.38651	 0.968256	235.933	  0.000261678
   7.2124e-09	1.80343e-11	  65556.5	137.588	       14.224	    3.38781	 0.968143	235.936	  0.000262486
   7.1475e-09	1.79909e-11	  65551.2	137.542	      15.4925	    3.35654	 0.968019	235.947	  0.000262264
   7.2767e-09	1.73391e-11	  65551.8	137.891	      16.6973	    3.37998	 0.967847	235.991	    0.0002632
  7.28474e-09	1.71726e-11	  65553.9	137.902	      18.0518	    3.38056	 0.967747	236.023	  0.000264586
  7.32062e-09	1.70309e-11	  65559.7	137.988	       19.488	    3.35689	 0.967797	236.032	  0.000265265
   7.2631e-09	1.72267e-11	  65567.8	137.888	      21.0218	    3.33309	 0.967773	236.067	  0.000265204
  7.29883e-09	1.72379e-11	    65578	137.858	      22.6836	    3.33088	 0.967735	236.113	  0.000265949
  7.31318e-09	1.70204e-11	  65588.2	 137.81	      24.3407	    3.33646	 0.967664	236.167	  0.000267407
  7.25592e-09	1.69373e-11	  65600.2	137.791	      26.5389	    3.35858	 0.967623	 236.22	  0.000269446
  7.20555e-09	1.65838e-11	  65609.5	138.003	       28.403	    3.33181	 0.967623	236.254	  0.000270156
  7.11941e-09	1.64583e-11	  65623.3	137.879	      30.3081	    3.32681	 0.967641	236.299	  0.000270565
  7.09054e-09	1.66489e-11	  65637.9	137.983	       32.298	    3.32126	 0.967615	236.358	  0.000271595
  7.06187e-09	1.69897e-11	  65649.8	137.806	      34.4077	    3.32459	 0.967656	236.391	  0.000272791
  6.99733e-09	1.68129e-11	  65658.6	137.806	      36.4457	    3.32874	 0.967658	236.422	  0.000274141
  7.01925e-09	1.66002e-11	  65665.7	137.985	      38.5755	    3.30786	   0.9676	236.462	   0.00027536
  6.93272e-09	 1.6182e-11	  65674.9	138.108	       40.826	    3.29525	 0.967574	236.501	  0.000276319
   6.9326e-09	1.56878e-11	  65680.4	138.387	      43.0479	    3.27943	 0.967374	 236.57	   0.00027805
   6.9828e-09	1.55922e-11	  65682.7	138.636	       45.427	    3.26773	  0.96707	236.653	  0.000279915
  7.09035e-09	1.50594e-11	  65682.3	138.774	      47.8664	     3.2469	 0.966809	236.715	  0.000281845
  7.14762e-09	1.47171e-11	  65683.8	138.982	      50.2842	    3.22685	  0.96658	236.776	  0.000283176
  7.16225e-09	1.41988e-11	  65688.2	138.906	      52.9415	     3.2159	 0.966373	236.843	  0.000284878
  7.14065e-09	1.41584e-11	  65696.8	138.887	      55.7311	     3.2015	 0.966173	236.923	  0.000286908
  7.03276e-09	 1.3555e-11	  65708.4	138.746	      58.5232	    3.17186	 0.966146	236.972	  0.000287695
  6.81763e-09	 1.3561e-11	  65724.2	138.316	      61.5505	    3.14626	 0.966193	237.017	  0.000288475
  6.74557e-09	1.34937e-11	    65746	138.175	      64.5465	    3.15143	 0.966257	 237.08	  0.000289344
  6.68128e-09	 1.3599e-11	  65769.7	 138.19	      67.5859	    3.19294	 0.966129	237.197	  0.000291164
  6.66701e-09	1.36528e-11	    65791	138.446	      70.4906	    3.21931	  0.96583	237.347	  0.000293813
  6.76022e-09	1.38215e-11	  65813.7	138.868	      73.4972	    3.21805	  0.96545	237.523	   0.00029757
  6.80321e-09	1.40419e-11	  65840.5	139.362	      76.5804	    3.23045	    0.965	 237.73	  0.000302384
  6.79605e-09	1.40298e-11	  65866.3	139.747	      79.7208	    3.22813	 0.964592	237.924	   0.00030689
  6.82424e-09	1.40958e-11	  65890.1	 140.07	      82.8143	    3.24146	  0.96426	238.091	  0.000311058
  6.81676e-09	1.33281e-11	  65908.1	140.338	      86.0561	      3.234	 0.963942	238.235	  0.000315002
    6.716e-09	1.31936e-11	    65924	140.384	      89.3139	    3.18749	 0.963669	 238.36	  0.000318465
  6.68733e-09	1.30859e-11	  65942.6	140.471	       92.709	    3.16617	 0.963439	238.485	  0.000321604
  6.71599e-09	1.30562e-11	  65962.1	140.686	      96.1375	    3.17676	 0.963101	238.639	  0.000325526
  6.78043e-09	 1.2641e-11	  65977.4	141.028	      99.5797	    3.19672	 0.962696	238.794	  0.000330558
  6.77334e-09	1.24543e-11	    65991	141.554	      102.812	    3.17072	 0.962189	238.969	  0.000336074
  6.81632e-09	1.25169e-11	    66006	142.034	      106.313	    3.12355	 0.961619	239.165	  0.000341288
  6.84498e-09	1.21837e-11	  66024.6	142.447	      109.843	    3.10885	 0.961151	 239.35	  0.000345342
  6.88801e-09	1.19474e-11	  66045.3	142.849	      113.393	    3.08616	 0.960587	239.565	  0.000350932
  6.90973e-09	1.17942e-11	  66067.7	143.384	      116.988	    3.05006	 0.960008	239.791	  0.000357784
   6.9885e-09	1.12153e-11	  66094.2	143.842	      120.785	    3.02995	   0.9595	240.014	   0.00036527
  6.95975e-09	1.07037e-11	    66122	144.381	      124.424	    3.02197	 0.959031	240.232	  0.000372003
  6.96674e-09	1.03869e-11	  66152.2	  144.9	       128.14	    3.01349	 0.958503	240.474	  0.000379387
  6.95915e-09	1.02956e-11	  66181.4	145.327	      132.071	    3.01725	  0.95789	240.735	  0.000387559
  6.92337e-09	1.02421e-11	  66209.3	145.557	      136.255	     3.0234	 0.957259	240.995	  0.000395441
  6.93777e-09	 1.0224e-11	    66237	145.928	      140.158	    3.04196	  0.95664	241.252	  0.000403001
  6.90935e-09	1.02075e-11	  66266.2	146.247	      144.166	    3.03858	 0.956026	241.513	  0.000411701
  6.95281e-09	1.03121e-11	  66295.2	146.803	      148.165	    3.00937	 0.955355	241.788	  0.000421183
  6.91718e-09	1.04392e-11	    66323	146.892	      152.486	    2.96425	 0.954747	242.044	  0.000429579
   6.8601e-09	1.07167e-11	  66351.4	147.012	      156.645	    2.94231	 0.954233	242.278	  0.000437332
  6.94603e-09	1.06683e-11	  66380.4	147.616	      160.468	    2.91658	  0.95367	242.527	  0.000445506
  7.03907e-09	1.06731e-11	  66409.3	148.456	      164.354	    2.90094	 0.952924	242.822	  0.000456358
  7.16087e-09	1.03901e-11	  66436.9	149.156	      168.265	    2.89899	 0.952146	243.122	  0.000467254
  7.17522e-09	1.00924e-11	  66460.7	149.769	      172.222	    2.87142	 0.951336	243.416	  0.000478208
   7.2538e-09	9.83786e-12	  66481.5	150.503	      176.053	    2.82952	 0.950575	243.687	  0.000488971
  7.23205e-09	9.59709e-12	  66503.1	150.925	      180.199	    2.80169	 0.949886	243.943	  0.000499028
  7.20336e-09	9.29247e-12	  66525.8	151.476	      184.218	    2.77932	 0.949167	244.211	  0.000509452
  7.26065e-09	8.96535e-12	  66550.1	152.026	      188.205	     2.7443	 0.948416	244.494	  0.000521032
    7.282e-09	8.66397e-12	  66576.5	152.429	      192.377	    2.69375	 0.947673	244.782	  0.000532879
  7.21065e-09	8.52454e-12	  66605.7	152.975	      196.585	    2.63849	 0.946896	245.091	  0.000545827
  7.04584e-09	8.46345e-12	    66638	153.266	      200.912	     2.6212	 0.946245	245.378	  0.000558582
  6.99559e-09	8.45261e-12	  66670.7	153.602	      205.285	     2.6259	  0.94566	245.651	  0.000570633
  6.92412e-09	8.36523e-12	    66701	153.915	       209.67	    2.61712	 0.945044	245.923	  0.000583003
  6.92459e-09	8.14833e-12	  66732.4	154.159	       213.92	    2.59388	 0.944466	246.189	  0.000594893
  6.85307e-09	8.10435e-12	  66768.1	154.624	      218.034	    2.56962	 0.943915	246.465	  0.000607499
  6.81037e-09	8.17371e-12	  66806.3	154.845	      222.491	    2.54587	 0.943385	246.744	  0.000621118
  6.78863e-09	 8.0795e-12	  66845.2	155.176	      226.763	    2.51548	  0.94291	247.012	  0.000635151
  6.79633e-09	8.06137e-12	  66878.6	155.683	      230.837	    2.47416	 0.942237	247.312	  0.000651342
  6.77504e-09	7.88763e-12	  66906.3	156.049	      235.029	    2.43845	 0.941553	247.594	  0.000666165
  6.71765e-09	7.66221e-12	  66929.9	 156.27	      239.475	    2.40407	 0.940848	247.867	  0.000679841
  6.71101e-09	   7.45e-12	  66948.3	156.538	      243.597	    2.36474	 0.940141	248.122	   0.00069177
   6.7257e-09	7.14646e-12	  66964.2	157.037	      247.581	     2.3304	 0.939349	 248.39	  0.000705667
  6.77598e-09	6.84094e-12	  66981.8	 157.35	       251.71	     2.2958	 0.938662	248.637	  0.000718898
  6.71157e-09	 6.7291e-12	  66999.5	157.956	      255.477	    2.28214	 0.937937	248.895	  0.000732881
  6.84079e-09	6.57492e-12	  67018.6	158.849	      258.865	     2.2614	 0.937176	249.168	   0.00074941
  6.87706e-09	6.45798e-12	  67042.3	159.438	      262.684	    2.22534	 0.936413	249.459	  0.000767119
  6.93413e-09	6.27605e-12	  67066.4	160.172	      266.352	    2.21132	 0.935659	 249.75	  0.000784037
  6.90519e-09	6.23804e-12	  67092.5	160.707	      270.025	    2.22984	 0.934941	250.039	   0.00080125
  6.98403e-09	6.12045e-12	    67119	161.535	       273.62	    2.25843	 0.934175	250.343	  0.000819948
  7.05547e-09	5.91173e-12	  67144.7	 162.66	      277.003	    2.26696	 0.933315	250.669	  0.000839501
   7.0268e-09	6.27048e-12	  67164.2	163.396	      280.753	    2.28097	 0.932407	250.987	  0.000859602
  6.97691e-09	6.40276e-12	  67181.2	163.663	      284.662	    2.28158	 0.931659	251.252	  0.000875982
  7.02732e-09	6.47277e-12	  67199.6	164.152	      288.374	    2.26523	 0.930935	251.516	  0.000893267
   7.0132e-09	7.19219e-12	  67220.5	164.635	      292.019	    2.26806	 0.930247	 251.78	  0.000911107
  6.91303e-09	7.40364e-12	  67242.8	164.786	      295.902	    2.25589	 0.929617	252.035	  0.000926818
  6.84874e-09	7.57831e-12	  67266.9	165.151	      299.608	    2.22072	 0.928986	252.296	  0.000943651
  6.81329e-09	8.00239e-12	  67289.1	165.396	       303.21	    2.19693	 0.928377	252.545	  0.000959455
  6.77773e-09	8.27385e-12	  67306.4	165.695	      306.599	    2.16574	 0.927783	252.772	   0.00097534
  6.80668e-09	8.46694e-12	  67320.3	166.428	      309.633	    2.15843	 0.927077	253.016	  0.000993954
  6.84264e-09	8.67058e-12	  67333.2	166.916	      312.808	    2.14819	 0.926367	253.259	   0.00101325
  6.92846e-09	8.92187e-12	  67346.8	167.558	      315.716	     2.1057	 0.925642	253.508	    0.0010337
  6.94297e-09	9.49155e-12	  67362.9	168.047	      318.738	    2.08316	 0.924942	253.761	   0.00105367
  7.09355e-09	1.07768e-11	  67379.7	168.929	      321.172	    2.07663	   0.9242	254.028	   0.00107432
   7.0434e-09	1.15925e-11	    67395	 169.68		  324	    2.05305	 0.923445	254.293	   0.00109515
  7.04366e-09	1.19643e-11	  67406.9	170.228	      326.904	    2.01385	 0.922713	 254.54	   0.00111527
   7.0794e-09	1.36068e-11	  67414.8	170.786	      329.528	    1.98513	 0.922029	254.759	   0.00113323
  7.02941e-09	1.41937e-11	  67419.5	171.229	      332.187	     1.9574	 0.921337	254.968	   0.00115056
  6.90014e-09	1.47106e-11	  67424.3	171.311	      335.175	     1.9261	 0.920754	255.147	   0.00116503
  6.89999e-09	1.52295e-11	  67427.5	171.734	      337.642	    1.89883	 0.920197	255.314	   0.00117833
  6.92857e-09	1.57813e-11	  67428.4	172.294	      339.716	    1.86203	  0.91961	 255.48	   0.00119216
  6.95721e-09	1.61876e-11	  67432.6	172.813	      341.657	    1.85218	 0.919081	255.643	   0.00120679
  7.03677e-09	1.68957e-11	  67439.9	173.397	      343.567	    1.82358	 0.918525	255.826	   0.00122493
  7.02944e-09	1.79303e-11	  67447.8	174.008	      345.569	    1.80369	 0.917937	 256.02	   0.00124498
  7.02952e-09	1.89281e-11	    67457	174.306	      347.634	    1.76028	 0.917491	256.179	    0.0012624
  6.90762e-09	2.08478e-11	  67464.1	174.366	      349.871	    1.72989	 0.917105	256.314	   0.00127496
  6.74234e-09	2.14527e-11	  67468.7	 174.51	      351.901	    1.68335	  0.91675	 256.43	   0.00128751
    6.685e-09	2.21527e-11	  67475.1	  174.7	      353.669	    1.62759	 0.916424	256.546	   0.00129984
  6.68482e-09	2.26825e-11	  67480.8	175.097	      355.184	    1.57939	 0.916037	256.676	   0.00131248
  6.55572e-09	2.33937e-11	  67485.5	175.383	       356.65	    1.51404	 0.915653	256.802	   0.00132458
  6.49867e-09	2.43084e-11	  67490.8	175.445	      358.116	    1.45927	 0.915338	 256.91	   0.00133682
  6.59264e-09	2.48993e-11	  67498.8	175.923	      358.919	    1.42141	 0.914988	257.039	    0.0013536
   6.5999e-09	2.72833e-11	  67507.7	176.582	       359.65	    1.37421	 0.914613	257.178	   0.00136988
  6.52841e-09	2.84117e-11	    67515	176.796	      360.683	    1.34969	 0.914311	257.291	   0.00138281
  6.63598e-09	3.01151e-11	  67522.2	177.477	      361.061	    1.30948	 0.913963	257.416	   0.00139662
  6.83052e-09	3.07616e-11	  67529.6	178.164	      361.426	    1.26628	  0.91361	257.544	   0.00141305
  6.98211e-09	3.22103e-11	    67538	178.804	      361.585	    1.24675	 0.913332	257.654	   0.00142891
  7.01807e-09	3.34163e-11	  67547.2	179.613	      361.788	    1.24085	 0.912964	257.794	   0.00144766
  6.94624e-09	3.44752e-11	  67557.4	179.932	      362.409	    1.22959	 0.912756	257.891	   0.00146142
  6.92459e-09	3.56794e-11	  67568.3	180.174	       362.76	    1.18683	 0.912594	257.979	   0.00147345
  6.80268e-09	3.67243e-11	  67579.1	180.242	      363.201	    1.15069	 0.912524	 258.04	   0.00148241
  6.84559e-09	3.82964e-11	  67587.6	180.644	      363.192	    1.11001	 0.912367	258.116	   0.00149375
  6.73793e-09	 3.9374e-11	  67593.3	180.933	      363.075	     1.0566	 0.912251	258.171	   0.00150196
  6.65182e-09	4.00144e-11	  67596.8	181.059	      363.018	    1.00192	 0.912125	 258.22	   0.00150975
   6.6948e-09	4.09338e-11	  67599.5	181.376	      362.538	   0.967605	 0.911977	258.272	   0.00151817
    6.739e-09	4.15042e-11	  67602.8	181.618	      361.949	   0.952672	 0.911856	258.319	   0.00152531
  6.86255e-09	4.28139e-11	  67607.1	181.965	      361.266	   0.950381	 0.911693	258.382	   0.00153518
  7.03545e-09	4.56582e-11	  67613.1	 182.54	      360.089	   0.950294	 0.911528	258.452	   0.00154691
  7.14312e-09	4.69784e-11	  67620.9	 183.09	      358.945	   0.956378	  0.91143	258.509	   0.00155664
  7.12892e-09	4.81406e-11	    67632	183.363	      357.992	   0.941822	 0.911376	258.567	   0.00156716
  7.22231e-09	4.95106e-11	    67645	183.856	      356.621	   0.941665	 0.911311	258.635	   0.00157954
  7.24388e-09	5.18594e-11	  67657.1	184.251	      355.491	   0.920086	 0.911181	258.718	   0.00159342
  7.12845e-09	 5.3895e-11	    67668	184.452	      354.296	   0.898244	 0.911162	258.765	   0.00160088
  7.17191e-09	5.46954e-11	  67677.8	184.678	      352.789	   0.866384	 0.911169	258.801	   0.00160683
  7.16476e-09	 5.5609e-11	  67687.8	184.797	      351.369	   0.855308	 0.911228	258.822	    0.0016114
  7.25771e-09	5.57828e-11	  67698.2	185.387	      349.391	   0.830959	 0.911166	258.879	   0.00162136
  7.48079e-09	5.79929e-11	    67708	185.888	      347.212	   0.829318	 0.911111	258.932	   0.00162912
  7.58195e-09	5.98806e-11	  67716.1	186.192	      345.322	   0.818855	 0.911099	258.967	   0.00163627
  7.54636e-09	 6.2018e-11	  67722.9	186.168	      343.694	   0.812256	 0.911213	258.961	   0.00163906
  7.56096e-09	6.29859e-11	  67726.9	186.121	      341.863	   0.820762	  0.91133	258.942	    0.0016394
  7.58224e-09	6.41585e-11	    67727	186.338	      339.646	   0.823589	 0.911357	258.935	   0.00164046
  7.45273e-09	6.60074e-11	  67725.4	186.127	      337.874	   0.817658	  0.91144	258.906	   0.00163764
   7.5548e-09	6.50303e-11	  67722.4	186.036	      335.581	   0.835523	 0.911515	258.873	   0.00163624
   7.5978e-09	6.72861e-11	    67721	186.288	      332.991	   0.816213	 0.911563	258.854	   0.00163715
  7.53372e-09	6.72412e-11	  67722.9	186.018	      330.894	   0.809959	 0.911762	258.805	   0.00163458
  7.39652e-09	6.84715e-11	  67725.6	 185.98	      328.429	    0.81589	 0.911971	258.756	   0.00163049
  7.33842e-09	6.88487e-11	    67726	185.937	      325.852	   0.805225	 0.912106	258.719	   0.00162667
  7.38845e-09	6.93987e-11	  67724.8	185.905	      322.972	   0.793127	 0.912283	258.664	   0.00162244
  7.47442e-09	7.03265e-11	  67723.2	 186.16	      319.664	   0.792341	 0.912363	258.635	   0.00161989
  7.53204e-09	7.08955e-11	  67721.4	186.163	      316.689	   0.811107	 0.912537	258.579	   0.00161425
  7.68262e-09	7.16759e-11	  67719.6	186.408	      313.299	   0.827273	 0.912684	258.531	    0.0016104
  7.69734e-09	7.17226e-11	  67719.3	186.301	      310.203	   0.857097	 0.912924	258.462	    0.0016035
   7.8268e-09	7.13605e-11	  67717.7	186.354	      306.824	   0.893758	 0.913128	258.398	   0.00159816
  7.83407e-09	7.09357e-11	  67715.3	186.246	      303.653	   0.930121	 0.913396	258.313	   0.00159122
  7.89802e-09	7.05863e-11	  67712.4	186.292	      300.203	   0.952462	 0.913649	 258.23	   0.00158468
  7.85357e-09	7.07775e-11	  67710.1	186.197	      296.887	   0.967418	 0.913938	 258.14	   0.00157675
  7.71566e-09	  7.188e-11	    67709	186.012	      293.531	   0.978054	 0.914309	258.031	   0.00156545
  7.69353e-09	7.11967e-11	  67709.6	  185.9	      290.092	    1.00048	  0.91467	257.931	   0.00155574
  7.78665e-09	7.14953e-11	  67708.9	185.926	      286.434	   0.996436	 0.914951	257.849	   0.00154918
  7.75059e-09	7.19519e-11	    67707	185.845	      282.805	    1.01204	 0.915287	257.748	   0.00154044
  7.67174e-09	 7.2073e-11	  67702.3	 185.39	      279.497	     1.0197	 0.915664	257.623	   0.00152854
   7.6289e-09	7.24473e-11	    67694	185.029	      276.058	    1.01691	 0.916084	257.474	   0.00151368
  7.58564e-09	7.12667e-11	  67685.1	184.486	      272.777	    1.04346	 0.916554	257.308	   0.00149762
  7.59301e-09	7.07808e-11	  67676.1	    184	       269.08	     1.0648	 0.917085	257.125	   0.00148061
  7.71479e-09	 7.0445e-11	  67666.9	183.783	      265.119	    1.08107	   0.9175	256.973	   0.00146564
  7.75117e-09	7.06639e-11	  67658.9	183.451	      261.214	    1.11403	 0.917944	256.819	   0.00145051
  7.75076e-09	6.96816e-11	    67650	183.354	       257.26	    1.14236	 0.918316	256.681	   0.00143702
  7.74304e-09	6.83108e-11	  67637.7	183.274	      253.135	    1.17958	 0.918643	256.543	   0.00142268
  7.91494e-09	6.67448e-11	  67623.4	183.485	      248.525	    1.20914	  0.91891	256.414	   0.00141077
  8.05827e-09	6.61165e-11	  67610.1	183.492	      244.239	    1.23782	 0.919217	256.278	   0.00140047
  8.19465e-09	6.51959e-11	  67600.4	183.277		240.2	    1.25981	 0.919703	256.106	    0.0013857
  8.30229e-09	6.35032e-11	    67593	 183.09	      235.977	    1.26198	 0.920246	255.927	   0.00136992
  8.25044e-09	   6.35e-11	  67586.7	182.795	      232.017	     1.2676	 0.920809	255.747	   0.00135429
  8.21436e-09	6.22357e-11	  67577.5	182.423	      227.957	    1.29766	 0.921382	255.553	     0.001336
  8.12776e-09	  6.132e-11	  67563.2	182.027	      223.922	    1.31718	 0.921903	255.354	   0.00131856
  8.21393e-09	6.09677e-11	  67545.5	181.717	      219.735	    1.33915	 0.922367	255.159	   0.00130164
  8.24943e-09	 6.0311e-11	  67527.2	181.382	      215.705	     1.3596	 0.922859	254.954	   0.00128399
  8.29257e-09	5.99982e-11	  67511.9	 180.81	      211.759	    1.37283	 0.923478	254.725	   0.00126347
   8.4299e-09	5.98322e-11	  67497.4	180.445	      207.731	    1.37759	 0.924043	254.515	   0.00124688
  8.41534e-09	6.00802e-11	  67481.5	180.114	       203.65	    1.38254	 0.924555	254.314	   0.00123019
  8.42257e-09	5.93661e-11	    67464	179.753	      199.408	    1.40006	 0.925088	254.101	   0.00121079
  8.60276e-09	5.88637e-11	  67445.7	179.487	      195.106	    1.40731	 0.925556	253.904	   0.00119392
  8.64564e-09	  5.889e-11	  67428.1	178.925	      191.163	    1.42382	 0.926177	253.668	   0.00117536
  8.61677e-09	5.87716e-11	  67412.5	178.356	      187.143	    1.43501	 0.926822	253.433	   0.00115685
  8.62435e-09	5.86732e-11	  67397.9	177.714	      183.253	    1.46277	 0.927465	253.202	   0.00113747
  8.79002e-09	5.88916e-11	  67381.9	177.437	      178.993	    1.49384	 0.928034	252.986	     0.001121
  8.96233e-09	5.60494e-11	  67365.4	177.367	      174.736	     1.5036	 0.928466	252.807	   0.00110709
  8.99867e-09	5.48918e-11	  67348.9	176.856	      170.837	    1.50129	 0.929032	252.591	   0.00108964
  9.02021e-09	5.39381e-11	  67331.4	176.443	      166.719	    1.53647	 0.929601	252.371	   0.00107097
  9.22878e-09	5.33339e-11	  67311.8	176.309	      162.471	    1.56852	 0.930041	252.178	   0.00105477
  9.33644e-09	5.31824e-11	  67291.2	176.146	      158.316	    1.61525	 0.930468	251.985	   0.00103901
  9.40753e-09	5.15597e-11	  67270.1	175.965	      154.028	    1.65459	 0.930945	251.777	   0.00102325
  9.51503e-09	5.16858e-11	  67250.5	175.723	      149.804	    1.67365	 0.931461	251.564	   0.00100815
  9.60033e-09	5.14486e-11	  67230.6	175.818	      145.602	    1.71386	   0.9318	251.398	  0.000995527
   9.6722e-09	5.10574e-11	  67206.4	175.755	      141.511	    1.74179	 0.932155	251.212	  0.000982525
  9.72907e-09	4.99991e-11	  67178.8	175.382	      137.726	    1.74557	 0.932613	250.986	  0.000965596
  9.60671e-09	4.94361e-11	  67151.9	 174.53		134.3	    1.74707	 0.933282	250.705	  0.000945332
  9.52045e-09	4.97266e-11	  67128.6	173.798	      130.738	     1.7645	 0.933964	250.435	  0.000926919
  9.51324e-09	5.01455e-11	  67108.3	173.104	       127.32	    1.78079	 0.934661	250.173	  0.000909103
  9.46985e-09	5.02278e-11	  67090.5	172.689	      123.527	    1.79797	 0.935312	249.933	  0.000892719
  9.40516e-09	5.06298e-11	  67072.4	172.043	      119.961	    1.80894	 0.935974	249.688	   0.00087768
   9.4051e-09	5.06072e-11	  67052.8	171.704	      116.301	    1.84343	  0.93651	249.473	  0.000862734
  9.55546e-09	5.04349e-11	  67031.3	171.617	       112.56	    1.86651	 0.936879	249.294	  0.000850326
  9.79192e-09	5.05081e-11	  67010.6	171.638	      108.783	    1.88299	 0.937173	249.139	  0.000841219
   1.0007e-08	5.01719e-11	  66990.5	171.725	      104.952	    1.90644	 0.937456	248.989	   0.00083162
  1.00425e-08	4.98051e-11	  66971.7	171.467	      101.374	    1.92389	 0.937908	248.799	  0.000819367
   1.0064e-08	4.97417e-11	  66952.6	171.018	      97.9106	    1.93243	 0.938388	248.601	  0.000806738
  1.01071e-08	4.93919e-11	  66931.9	170.589	      94.5401	    1.96997	 0.938912	248.386	  0.000794051
  1.01493e-08	4.87417e-11	  66910.5	170.274	      91.2486	    2.00106	 0.939389	 248.18	  0.000781013
  1.03291e-08	4.74741e-11	    66890	 170.24	      87.8219	    2.02657	 0.939723	248.016	  0.000770278
  1.02715e-08	4.72865e-11	  66870.5	169.808	      84.7395	    2.05645	 0.940191	 247.82	   0.00075923
  9.98342e-09	4.74936e-11	  66852.3	168.864	      81.8711	    2.09089	 0.941001	247.539	  0.000741567
  9.84702e-09	4.76393e-11	  66836.1	168.253	      78.7119	    2.10535	 0.941727	247.289	  0.000727371
  9.88285e-09	4.75854e-11	  66820.7	167.955	      75.5174	    2.12414	 0.942282	247.086	   0.00071631
  9.83257e-09	4.75888e-11	  66804.4	167.586	      72.4837	    2.13315	 0.942818	246.885	  0.000705676
  9.79608e-09	4.72974e-11	  66786.5	167.393	      69.5278	    2.15973	 0.943229	246.712	  0.000695032
  9.73843e-09	4.69853e-11	  66766.5	166.809	      66.7805	     2.1693	  0.94371	246.512	  0.000683254
  9.69464e-09	4.71917e-11	  66746.7	166.346	      63.9476	    2.19472	 0.944249	246.298	  0.000671017
  9.62249e-09	 4.7055e-11	  66728.6	165.932	      61.1769	    2.22165	 0.944824	246.082	  0.000658691
  9.50732e-09	4.71093e-11	  66711.2	165.255	      58.5792	    2.22878	 0.945493	245.843	  0.000645665
  9.44267e-09	4.64274e-11	    66697	164.735	      55.9447	    2.21454	  0.94616	245.618	  0.000633056
    9.335e-09	4.58841e-11	  66687.4	164.129	      53.4259	    2.20967	 0.946894	245.392	   0.00062059
  9.27769e-09	4.53074e-11	  66677.2	 163.57	      50.9096	    2.22223	 0.947563	245.181	  0.000609484
  9.20594e-09	4.51783e-11	  66666.8	 162.88	      48.7026	    2.21946	 0.948204	244.977	  0.000596775
   9.0909e-09	4.49484e-11	  66660.7	162.151	       46.463	    2.21735	 0.948934	244.766	  0.000585337
  8.99814e-09	4.51512e-11	  66659.1	161.554	      44.2247	    2.24799	 0.949658	244.574	  0.000576152
  9.09126e-09	4.53521e-11	  66657.1	161.531	      41.8128	    2.30766	 0.950047	244.466	  0.000571312
  9.18456e-09	4.53726e-11	  66650.7	161.361	       39.503	    2.34478	 0.950473	244.333	  0.000564864
   9.1629e-09	4.51249e-11	  66640.3	161.093	      37.3743	    2.35398	 0.950864	244.195	  0.000558491
  9.19946e-09	4.54501e-11	  66623.6	161.014	      35.2439	    2.35457	 0.951164	244.057	  0.000551781
  9.18482e-09	4.48854e-11	  66605.8	160.854	      33.0941	    2.33609	 0.951504	243.904	   0.00054466
  9.12742e-09	 4.4652e-11	  66588.6	160.101	      31.1896	    2.32309	 0.952084	243.693	  0.000535818
  8.96952e-09	4.37955e-11	  66571.6	159.289	      29.3445	    2.30532	 0.952805	243.446	  0.000524236
  8.79007e-09	4.22192e-11	  66555.1	158.632	      27.6209	    2.31665	 0.953457	243.219	  0.000512488
  8.66082e-09	 4.1847e-11	  66536.2	 158.13	      25.9453	     2.3308	 0.953941	243.027	  0.000503022
  8.72575e-09	4.09592e-11	  66516.1	157.837	      24.3003	    2.34592	 0.954288	242.865	  0.000496536
  8.76911e-09	4.01925e-11	  66495.6	157.566	      22.6135	    2.36551	  0.95468	242.691	  0.000489226
  8.72575e-09	3.90483e-11	  66474.7	157.172	       21.033	    2.35393	 0.955044	242.522	  0.000481815
  8.54677e-09	3.82651e-11	  66454.6	156.474	       19.571	    2.35327	 0.955635	242.299	  0.000471463
  8.44585e-09	3.76971e-11	  66436.3	 155.77	      18.2233	    2.37111	 0.956258	242.074	  0.000461808
  8.46722e-09	3.68552e-11	  66416.4	155.308	      16.8442	    2.37393	 0.956656	241.901	  0.000454723
  8.59629e-09	 3.5609e-11	  66393.9	155.328	      15.4154	    2.38467	  0.95689	 241.76	  0.000449604
  8.77542e-09	3.44023e-11	  66369.3	 155.58	      14.1102	    2.42172	 0.956912	241.665	  0.000445815
  8.92573e-09	3.35671e-11	    66345	156.006	      12.9092	    2.45069	 0.956782	241.609	  0.000442058
   8.9182e-09	3.31335e-11	  66323.7	156.071	      11.7554	    2.48567	 0.956856	241.513	  0.000437541
  9.00385e-09	 3.2921e-11	    66302	155.873	      10.7303	    2.50834	  0.95702	241.392	  0.000432207
  9.03275e-09	3.27913e-11	  66282.8	155.773	      9.72723	    2.55652	 0.957152	241.289	  0.000427117
  9.16183e-09	3.16618e-11	  66263.9	155.757	      8.80226	     2.5717	 0.957228	241.201	  0.000422478
  9.19838e-09	3.14521e-11	    66246	155.401	      7.95184	    2.57026	 0.957461	241.077	  0.000418043
  9.31332e-09	3.07701e-11	  66229.3	155.117	       7.1156	    2.59749	 0.957767	 240.94	   0.00041332
  9.34944e-09	2.99968e-11	  66209.8	154.636	      6.36303	      2.598	 0.958092	240.787	  0.000408932
  9.30657e-09	2.96461e-11	  66188.2	154.158	      5.64587	    2.58333	 0.958452	240.618	  0.000404311
  9.37131e-09	2.90124e-11	  66170.4	153.816	      4.96454	    2.56476	 0.958788	240.469	  0.000400145
  9.24263e-09	2.86816e-11	  66154.2	153.224	      4.39488	    2.55995	 0.959337	240.272	  0.000395177
   9.2642e-09	2.83311e-11	    66137	 152.93	      3.85633	     2.5903	 0.959672	240.126	  0.000390519
  9.40107e-09	2.76715e-11	  66116.9	152.856	      3.33123	    2.60582	 0.959747	240.035	  0.000387408
  9.38727e-09	2.70155e-11	  66097.2	152.396	      2.89236	    2.55969	 0.960008	239.898	  0.000382296
  9.37309e-09	2.62741e-11	  66082.6	152.023	      2.47658	    2.53337	 0.960308	 239.77	   0.00037734
  9.29432e-09	2.58321e-11	  66071.6	 151.63	      2.11948	    2.54076	 0.960569	239.665	   0.00037247
  9.20775e-09	2.50962e-11	  66065.1	151.116	      1.80211	    2.55169	 0.960952	239.546	  0.000367708
  9.20802e-09	2.50766e-11	  66059.4	150.879	      1.52101	    2.59265	 0.961185	239.467	  0.000365478
  9.22956e-09	2.49033e-11	  66053.3	150.868	       1.2462	    2.64814	 0.961293	239.418	  0.000363849
  9.24414e-09	2.49052e-11	  66045.5	150.836	      1.03076	    2.69136	 0.961269	239.396	  0.000363015
  9.23737e-09	2.47525e-11	  66033.7	150.392	     0.839228	    2.69897	 0.961448	239.308	   0.00036092
  9.18739e-09	2.45979e-11	  66024.6	149.705	     0.680098	    2.69116	 0.961856	239.174	  0.000357411
  9.07971e-09	2.46995e-11	  66014.8	149.139	     0.547221	     2.6965	 0.962245	239.042	  0.000352989
  8.99354e-09	 2.4776e-11	  66003.9	148.908	     0.428353	    2.70488	 0.962519	238.934	  0.000350223
  8.87853e-09	2.50576e-11	  65991.2	148.684	     0.323527	    2.72699	 0.962662	238.853	  0.000347906
  8.82758e-09	2.47559e-11	    65979	148.431	     0.238526	    2.74678	 0.962702	238.799	  0.000346612
  8.74137e-09	 2.5001e-11	  65963.6	148.181	     0.174144	    2.76063	 0.962817	238.715	  0.000344109
  8.74131e-09	2.49867e-11	  65951.3	148.085	     0.115684	    2.75683	 0.962933	238.641	  0.000341957
  8.69835e-09	 2.5006e-11	  65942.1	147.758	    0.0748482	    2.76761	 0.963013	238.588	  0.000340973
  8.57674e-09	2.49881e-11	  65934.7	147.258	    0.0446346	    2.76096	 0.963205	238.514	  0.000338921
  8.42618e-09	2.48575e-11	  65925.6	146.388	    0.0267352	    2.77954	 0.963688	238.361	  0.000334753
  8.35465e-09	2.47485e-11	  65914.2	145.904	    0.0139409	    2.78842	 0.964052	 238.23	  0.000330609
   8.1183e-09	2.44169e-11	  65903.2	145.249	   0.00613169	    2.79611	 0.964446	238.093	  0.000326445
  7.93163e-09	2.42153e-11	  65890.9	144.463	   0.00237221	    2.80038	 0.964989	237.915	  0.000321099
  7.69514e-09	2.40113e-11	  65876.3	143.495	  0.000502695	    2.80455	 0.965639	237.702	  0.000315289
  7.62289e-09	2.35689e-11	  65860.8	142.958	  5.06307e-06	    2.81261	 0.965936	237.573	  0.000311507
  7.48639e-09	2.31266e-11	  65847.8	142.556	  5.06553e-06	    2.81518	 0.966123	 237.48	  0.000309278
   7.5438e-09	2.29568e-11	  65838.7	142.601	  5.07438e-06	    2.84019	 0.966228	237.421	  0.000307446
  7.73071e-09	2.25531e-11	  65828.8	142.982	   5.0726e-06	     2.8851	 0.965913	237.463	  0.000307976
  7.73073e-09	2.23169e-11	    65818	143.096	  5.06993e-06	    2.90014	 0.965718	237.472	  0.000307812
  7.80241e-09	 2.1674e-11	  65809.6	 143.04	  5.05934e-06	    2.91844	 0.965648	237.459	  0.000307447
  7.71631e-09	2.11337e-11	  65802.2	142.661	  5.07411e-06	    2.89531	 0.965855	237.381	  0.000305181
  7.48603e-09	2.05028e-11	    65797	142.033	  5.09712e-06	    2.86933	 0.966343	237.243	  0.000300649
   7.4353e-09	1.97071e-11	  65788.7	141.869	  5.11904e-06	    2.89489	 0.966653	237.137	   0.00029758
  7.37049e-09	1.92546e-11	  65776.1	141.615	  5.15043e-06	    2.90541	 0.966922	237.025	  0.000295205
  7.27011e-09	1.91833e-11	  65759.2	141.337	  5.17047e-06	    2.88617	 0.967113	236.918	  0.000293103
  7.24153e-09	1.93122e-11	  65742.2	140.866	  5.18441e-06	    2.87092	 0.967375	236.792	  0.000290238
  7.22712e-09	1.86134e-11	  65725.8	140.507	  5.19232e-06	    2.85855	 0.967582	236.683	   0.00028676
  7.11932e-09	1.79014e-11	  65709.7	140.298	  5.20901e-06	    2.83516	 0.967699	236.596	  0.000283688
  7.04036e-09	1.74916e-11	  65694.3	140.009	  5.22756e-06	    2.80743	 0.967913	236.488	  0.000280101
  6.96843e-09	1.70723e-11	    65683	139.819	  5.25675e-06	    2.80802	 0.968086	236.405	   0.00027657
  7.05456e-09	1.71732e-11	  65672.7	139.991	  5.26967e-06	    2.82841	 0.967995	 236.39	  0.000275027
   7.0257e-09	1.71906e-11	  65664.7	140.025	  5.28244e-06	    2.82548	 0.967954	236.372	  0.000274194
  6.98956e-09	1.69091e-11	    65660	139.893	  5.29155e-06	    2.82206	 0.968088	236.322	  0.000271999
  7.01866e-09	1.65301e-11	  65656.9	139.675	  5.29202e-06	    2.83829	  0.96832	236.254	  0.000270011
  7.04009e-09	1.66332e-11	  65652.7	139.622	  5.31385e-06	     2.8629	 0.968441	 236.21	  0.000268287
   7.1147e-09	1.66689e-11	  65665.9	139.932	  5.34782e-06	    2.90856	 0.968257	236.302	  0.000269865
  7.02718e-09	1.67486e-11	  65663.3	139.516	  5.36629e-06	    2.92649	  0.96853	236.226	  0.000267879
  6.92509e-09	1.69156e-11	  65666.1	139.076	  5.38282e-06	    2.92693	 0.968887	236.149	  0.000265598
  6.93934e-09	1.70359e-11	  65668.4	138.884	  5.39692e-06	    2.94969	 0.969173	236.088	  0.000263921
  6.87398e-09	1.70784e-11	  65668.5	138.737	  5.42726e-06	    2.93896	 0.969231	236.074	  0.000263459
  6.92492e-09	1.65945e-11	  65665.3	138.368	  5.45221e-06	     2.9336	   0.9693	236.046	  0.000262877
  6.95411e-09	1.67815e-11	    65662	 138.52	  5.47845e-06	    2.92277	 0.969225	236.052	  0.000263034
  7.01253e-09	1.65974e-11	  65659.9	138.738	  5.51697e-06	    2.93152	 0.968981	236.104	  0.000264883
  7.03437e-09	1.65978e-11	  65658.4	139.038	   5.5512e-06	    2.95839	 0.968698	236.167	  0.000266196
  7.09253e-09	1.66036e-11	  65656.7	139.432	  5.58618e-06	     2.9794	 0.968529	236.203	  0.000267506
  7.03388e-09	1.66845e-11	  65652.5	139.762	   5.6237e-06	    2.97036	 0.968328	236.236	   0.00026818
   6.8653e-09	1.67289e-11	    65647	139.447	  5.66818e-06	    2.98285	 0.968336	236.215	  0.000267266
   6.7479e-09	1.69312e-11	  65640.8	139.142	  5.71333e-06	    2.99101	 0.968485	236.156	  0.000265611
   6.6964e-09	1.76199e-11	    65634	139.127	  5.76282e-06	    3.02108	 0.968426	236.146	  0.000264846
  6.65241e-09	 1.8018e-11	  65623.1	 139.21	  5.80356e-06	    3.03323	 0.968216	236.158	  0.000264462
