      240.111	   0.817513    3.5965e-07   6.27306e-10		    0  -1.18341e-10	 -58.5918      -1.54312
      238.764	   0.815108   3.51146e-07   4.40809e-10		    0	-9.7518e-11	 -39.1638      -1.08249
      229.676	   0.817685   3.67392e-07   1.07377e-10		    0  -3.41682e-11	 -31.7595      -0.27583
      228.531	   0.808826   3.66676e-07   2.37359e-10		    0  -5.52676e-11	 -41.2907     -0.559826
      240.908	   0.793292   3.37066e-07   2.76919e-10		    0  -5.78232e-11	  -23.919      -0.69252
       244.26	   0.781409   2.98668e-07   1.92148e-10		    0	-3.1933e-11	 -13.9188     -0.468254
      236.438	   0.805612   3.06357e-07   1.52588e-10		    0  -3.81466e-11	 -22.7398     -0.364994
      244.201	   0.783524    2.8222e-07   1.15571e-08		    0	1.15509e-08	 -6.23958     0.0565228
       230.83	   0.807239   3.52516e-07   1.41285e-10		    0  -4.45146e-11	 -20.8305     -0.348618
      234.831	   0.795449   3.14684e-07   1.35634e-10		    0  -4.03733e-11	 -17.3981     -0.344809
      233.709	   0.810669   3.18266e-07    2.4301e-10		    0  -6.24936e-11	  -32.653     -0.596095
      229.253	    0.80084   3.17411e-07   2.20405e-10		    0  -4.39678e-11	 -29.6039     -0.467921
      225.011	   0.789853   3.05456e-07   7.91196e-11		    0  -1.74916e-11	 -18.5857     -0.188523
      229.356	   0.787306   2.77751e-07   -5.6514e-12		    0  -4.30592e-11	-0.427423   0.000412429
      222.352	   0.782115   2.96831e-07   1.16645e-08		    0	1.15421e-08	 -31.9178     -0.227804
      225.604	   0.782908   2.86076e-07   1.80845e-10		    0  -6.04323e-11	 -46.0593     -0.461759
      225.127	   0.781591   2.80868e-07   1.29982e-10		    0  -3.73096e-11	 -30.3038     -0.321917
      221.282	   0.790038   2.71436e-07   3.95598e-11		    0  -3.50669e-11	 -22.1416     -0.138008
      219.274	   0.788172   2.55558e-07    5.6514e-12		    0  -4.87254e-11	 -17.3542    -0.0818976
      216.457	   0.785488   2.53668e-07   1.13028e-11		    0  -4.09678e-11	 -16.1027    -0.0586099
      214.423	    0.79256   2.53171e-07    5.6514e-12		    0  -2.96453e-11	  -19.657     -0.047792
      228.429	   0.788732   1.40128e-07   2.34364e-08		    0	2.33407e-08	  -17.149     -0.187386
      232.803	   0.796405   2.27074e-07   1.75194e-10		    0  -2.82547e-11	 -20.8042     -0.367664
      232.027	   0.799344   2.22476e-07   1.92148e-10		    0  -4.75388e-11	 -23.3394     -0.423771
      238.738	   0.784166    1.8357e-07   1.17719e-08		    0	1.15539e-08	 -17.7561     -0.411992
      234.036	   0.803438   1.93599e-07   3.39084e-10		    0  -6.93842e-11	 -34.5379     -0.707262
      225.975	   0.786681   1.88226e-07   1.13028e-10		    0  -3.85626e-11	 -22.7854     -0.260113
       218.23	    0.80314   1.84917e-07   2.26056e-11		    0  -3.44343e-11	 -25.2396    -0.0933575
      219.616	    0.80621   1.80701e-07   5.08626e-11		    0  -3.34178e-11	 -31.8364     -0.150106
       219.69	   0.782975   1.70405e-07   8.47711e-11		    0  -3.66186e-11	 -39.1009     -0.225402
      219.895	   0.788227   1.62646e-07   5.08626e-11		    0  -3.69785e-11	 -28.3145     -0.157637
      219.349	   0.801293   1.57071e-07   3.39084e-11		    0  -2.45449e-11	 -21.3704      -0.10555
      223.593	   0.788468   1.60685e-07   9.60739e-11		    0  -2.41389e-11	 -27.7003     -0.247149
      223.576	    0.80547   1.52171e-07   1.13028e-10		    0  -4.17253e-11	 -39.8825     -0.296734
      222.905	   0.785949   1.46727e-07   9.60739e-11		    0  -3.96034e-11	 -29.6995     -0.247604
      222.418	    0.78304   1.43201e-07   1.07377e-10		    0  -2.92946e-11	 -34.5179     -0.260517
      222.848	   0.783063   1.40448e-07   9.04225e-11		    0  -3.28923e-11	 -27.4854     -0.234566
      224.288	    0.78307   1.38799e-07   1.41285e-10		    0  -4.44718e-11	 -40.3707     -0.356443
      223.926	   0.783067   1.40274e-07   1.18679e-10		    0  -4.41582e-11	 -40.2453     -0.304654
      222.196	   0.783093   1.33339e-07   6.78168e-11		    0  -1.81336e-11	  -33.376     -0.182912
      221.383	   0.785709   1.24797e-07    5.6514e-11		    0  -3.03648e-11	 -38.6109     -0.162845
      221.522	   0.787755    1.1852e-07   6.78168e-11		    0	-2.9373e-11	 -35.6556     -0.176479
      222.052	   0.795112   1.13448e-07   8.47711e-11		    0  -3.95517e-11	 -35.0302     -0.238806
      233.641	   0.811852   1.07079e-07   2.65616e-10		    0  -5.81576e-11	  -47.324     -0.655897
      234.486	   0.813918   1.05437e-07   3.10827e-10		    0  -8.23613e-11	 -53.9568     -0.791502
      235.041	   0.819079   1.08537e-07    2.4301e-10		    0  -6.33123e-11	 -53.7363     -0.606911
      225.665	    0.81655   1.17588e-07   1.01725e-10		    0	-3.1961e-11	 -33.4432     -0.255898
      223.951	   0.810771   1.25725e-07   1.29982e-10		    0  -4.45277e-11	 -46.4403     -0.331894
      223.427	   0.819083    0.00667665    5.6514e-11		    0  -2.28753e-11	 -46.1255     -0.151516
      222.741	   0.816029	 0.027552   1.69542e-11		    0  -2.99651e-11	 -27.9605    -0.0751412
      222.011	   0.817079	0.0648661    2.8257e-11		    0  -2.76797e-11	 -25.3931     -0.101871
      236.509	   0.782559	0.0621506   2.32103e-08		    0	2.31576e-08	 -10.0954    -0.0942278
      237.516	   0.783238	 0.100349    2.8257e-11		    0  -1.20545e-11	 -8.15998    -0.0730271
      222.386	    0.78366	 0.366646   1.69542e-11		    0  -3.11243e-11	 -14.1113    -0.0776149
       217.52	   0.783287	 0.533784   1.69542e-11		    0  -4.25899e-11	 -19.8187    -0.0847583
      221.874	   0.783301	 0.714045   1.07377e-10		    0  -3.73744e-11	 -45.4087     -0.281379
      222.326	   0.783316	 0.817712   9.60739e-11		    0  -2.07705e-11	 -35.3578     -0.243016
      229.865	   0.783835	 0.338514   1.17267e-08		    0	1.15342e-08	 -33.6706     -0.379977
      232.226	   0.783894	 0.666886   1.24331e-10		    0  -3.67878e-11	 -28.0561     -0.313827
      227.409	   0.788613	   1.5762   1.75194e-10		    0  -6.47796e-11	 -50.2783     -0.446086
      225.963	   0.813147	  1.69517   1.41285e-10		    0  -4.74722e-11	 -43.1512     -0.352747
      223.529	   0.808361	  2.01478   1.13028e-10		    0  -5.00418e-11	 -41.9101     -0.305398
      225.555	   0.783949	  2.34319   1.41285e-10		    0  -4.80443e-11	 -44.5305     -0.365819
      221.302	   0.783966	  2.83522   7.91196e-11		    0  -1.30388e-11	 -34.8967     -0.183514
      226.656	   0.783954	  2.62482   1.18679e-10		    0  -2.93574e-11	 -31.8828     -0.285122
      236.113	   0.784501	  1.45869   1.16871e-08		    0	1.15263e-08	 -35.8738      -0.27328
      237.536	   0.784595	  2.48189    2.8257e-11		    0  -2.32675e-11	 -18.7655    -0.0761389
      230.706	   0.796551	  4.30403   1.18679e-10		    0  -2.42834e-11	 -33.9156     -0.275048
      222.892	   0.800337	  5.27012   8.47711e-11		    0  -3.05473e-11	 -29.7005     -0.219844
      219.816	   0.784627	  5.91226   6.78168e-11		    0  -2.84407e-11	 -34.7944     -0.179299
      220.572	   0.807099	  6.05262    5.6514e-11		    0  -2.92704e-11	 -31.4508     -0.159101
      217.587	   0.784656	  7.24045   3.39084e-11		    0  -2.90647e-11	 -33.4029     -0.118361
      226.794	   0.785172	   4.6015    1.1608e-08		    0	 1.1541e-08	 -13.9246     -0.121134
      235.792	   0.785699	  2.83589   1.16193e-08		    0	1.15911e-08	 -5.76708    -0.0629107
      238.711	   0.786596	  3.21945   2.32273e-08		    0	2.32273e-08	 -2.57642     -0.021212
      229.839	   0.786925	  9.29185  -1.13028e-11		    0  -2.46495e-11	 -3.77261     0.0274905
      221.441	    0.78835	  9.75759   7.34682e-11		    0  -1.12993e-11	 -30.6195     -0.163809
      222.777	   0.814846	  9.72411   7.91196e-11		    0	-1.8294e-11	 -36.1058     -0.195451
      224.717	   0.801595	  10.9495   1.86496e-10		    0  -4.44971e-11	 -50.8672     -0.445694
      230.345	   0.786545	  10.9625   2.03451e-10		    0  -6.05858e-11	 -29.1521     -0.472891
      230.782	   0.797632	  11.2242   1.18679e-10		    0  -1.69812e-11	 -15.3397     -0.253839
	  228	   0.791004	  10.3973   9.04225e-11		    0  -2.83962e-11	 -19.0439     -0.228067
      228.286	   0.805984	  13.1778   1.13028e-10		    0  -3.08438e-11	 -23.6642     -0.285032
      233.282	   0.794294	  12.5197   2.31708e-10		    0  -5.96565e-11	 -48.4587     -0.578939
      240.152	   0.786898	  5.30005   3.49144e-08		    0	3.47191e-08	  -12.929     -0.227788
      237.916	   0.787521	  9.50691  -7.34682e-11		    0  -1.37088e-10	 -21.9467      0.196147
      238.141	   0.790427	   12.889  -4.52112e-11		    0  -7.43692e-11	 -22.2154      0.126995
      230.897	   0.793629	  17.5253   1.46936e-10		    0	-3.5264e-11	 -27.6204     -0.366815
      231.943	    0.78766	  13.0184   1.46936e-10		    0  -4.20076e-11	 -28.7322     -0.354497
      238.139	   0.791488	  16.5245   1.46936e-10		    0  -1.88443e-11	 -22.3092     -0.349558
      233.679	   0.797662	   20.512   2.59965e-10		    0  -8.06269e-11	 -42.2058     -0.665678
      240.625	   0.788272	  18.3597   5.99049e-10		    0  -1.20084e-10	 -55.9637      -1.48267
      238.212	   0.791693	  22.4909   3.72993e-10		    0  -7.85068e-11	  -24.765     -0.877153
      236.078	   0.786803	  22.6449   1.17606e-08		    0	1.15368e-08	 -16.0021      -0.40994
      235.088	   0.792062	  21.9007   1.07377e-10		    0  -1.96156e-11	 -23.6814     -0.250851
      231.872	   0.789563	  26.2099   1.13028e-11		    0  -4.82379e-11	 -28.4112    -0.0163687
      230.789	   0.788196	  27.6478  -2.26056e-11		    0  -2.26056e-11	 -37.1452     0.0666162
      232.311	   0.787444	  25.3825   5.08626e-11		    0  -9.58434e-12	 -18.4216    -0.0998084
      235.414	   0.781587	   24.802   2.76919e-10		    0  -6.74507e-11	 -33.1866     -0.639458
      247.014	   0.787389	  17.4768   1.15458e-08		    0	1.15042e-08	 -8.76215      0.122513
      247.565	   0.787846	  17.5416   -5.6514e-11		    0  -1.48278e-10	 -12.9782      0.170223
       242.04	   0.788111	  28.7468   1.17323e-08		    0	1.15297e-08	 -31.1064     -0.374388
      239.323	     0.7819	  34.1105   1.86496e-10		    0  -3.66686e-11	 -40.2803     -0.455535
      234.883	   0.780368	  34.7457   1.92148e-10		    0  -3.27858e-11	 -18.4659     -0.460595
      239.581	   0.788065	  20.5557   7.34682e-11		    0  -1.70843e-11	  -5.4883     -0.135747
      246.031	   0.788493	  19.6971   1.15854e-08		    0	1.15749e-08	0.0846364    0.00703454
      245.401	   0.789288	  13.8947   3.50104e-08		    0	3.49635e-08	 -2.53403     -0.102741
      250.678	   0.791438	  18.5694   5.81925e-08		    0	 5.8164e-08	  -1.4063      0.140043
      243.239	   0.774751	  40.6361  -1.58239e-10		    0  -1.79328e-10	 -9.48488      0.413414
      248.089	   0.788026	  32.4615  -8.47711e-11		    0  -3.99043e-10	 -24.1712	0.21143
      245.625	     0.7916	  20.4667   1.11841e-08		    0	1.11841e-08	   11.021	1.01424
      246.697	   0.791925	  26.4719    1.1478e-08		    0	1.14676e-08	  4.41049	 0.2381
      246.224	   0.791916	  27.8513   1.14667e-08		    0	1.14362e-08	  2.65863      0.288224
      248.099	   0.792393	  22.3639   1.15063e-08		    0	1.15063e-08	  3.25847      0.221703
      247.846	   0.788988	   39.943    2.8257e-11		    0  -1.76271e-11	 -4.31763    -0.0779759
      242.871	   0.774329	  49.2541   1.13028e-11		    0  -1.02653e-10	 -17.0372    -0.0162139
	241.5	   0.772458	  51.3259  -1.24331e-10		    0  -1.52144e-10	 -26.1435      0.314943
      249.029	   0.793867	  34.8453  -2.14753e-10		    0  -2.28187e-10	 -18.3777      0.560676
       247.49	   0.782196	  45.9935   1.15967e-08		    0	1.15184e-08	  -11.677    -0.0144555
      240.895	   0.772024	  56.0034  -1.13028e-11		    0  -7.17349e-11	 -14.3856     0.0332968
      242.556	   0.769437	  57.6686  -1.35634e-10		    0  -1.85006e-10	 -24.9108      0.363798
      242.844	   0.770118	  57.5096  -3.95598e-10		    0  -3.95598e-10	 -24.2287	1.00427
      253.566	   0.770131	   53.275  -5.48186e-10		    0  -6.16978e-10	 -28.8766	1.40661
      252.922	   0.770389	  60.4394  -2.14753e-10		    0  -4.74926e-10	 -24.9865      0.540863
      249.122	    0.77126	  62.6702   2.26056e-11		    0  -1.73288e-10	 -22.0808    -0.0244352
      248.135	    0.78858	  53.7514   1.13028e-10		    0  -9.52548e-11	 -23.1043     -0.284025
       252.41	   0.771976	  64.1144   3.67341e-10		    0  -7.90552e-11	 -24.9183     -0.896027
      253.492	   0.770746	  63.6387   4.06901e-10		    0	-5.5274e-11	 -25.5614      -1.01434
      259.261	    0.77592	   56.823   1.75194e-10		    0  -1.88647e-10	  -7.7925     -0.443947
      254.814	   0.773264	  64.3027  -7.34682e-11		    0	-2.1244e-10	 -14.1784      0.205989
      259.422	   0.768209	  68.3935   3.50387e-10		    0  -7.14304e-11	 -16.7507     -0.840749
      257.295	   0.784865	  56.4362   1.17436e-08		    0	1.15221e-08	 -4.01939     -0.365426
      254.788	   0.771075	  68.4247  -2.37359e-10		    0  -4.26906e-10	  -17.769      0.613155
      265.007	    0.78611	  50.2445  -5.82095e-10		    0  -1.09926e-09	 -13.2217	1.44989
      259.851	   0.767365	  73.1105  -1.80845e-10		    0  -3.74122e-10	 -13.7077      0.473495
      256.715	   0.778558	  67.8052   4.52112e-11		    0  -1.44159e-10	 -8.35779    -0.0993735
      255.421	   0.768102	   75.556   9.04225e-11		    0  -1.01389e-10	 -7.11359      -0.20061
      254.683	   0.768163	  76.9942   8.47711e-11		    0  -1.21846e-10	 -8.21967     -0.202509
      253.659	    0.77206	  75.1625   1.29982e-10		    0  -8.89631e-11	 -4.56732     -0.309156
      254.081	   0.772494	  74.1556   3.39084e-11		    0  -2.21554e-10	 -20.8596    -0.0869732
      261.406	   0.771218	  70.1492  -3.33433e-10		    0  -7.49112e-10	 -8.68476      0.843585
      261.524	   0.798676	  52.6515  -2.88222e-10		    0  -8.85812e-10	 -8.99053      0.736709
      256.757	   0.792409	  62.3826   1.03703e-08		    0	1.03661e-08	  13.2571	 3.0222
      250.394	   0.786543	  69.5992  -1.41285e-10		    0  -2.06504e-10	 -8.98312      0.348093
      258.121	   0.765317	  82.1164   1.52588e-10		    0  -1.37447e-10	 -7.30377     -0.399384
      255.935	   0.772216	   78.389  -3.05176e-10		    0  -3.16025e-10	 -0.21831      0.767362
      254.478	    0.76907	  82.9317  -7.34682e-11		    0  -1.15593e-10	 -6.08197      0.188968
      254.843	   0.767054	  84.8858  -1.75194e-10		    0  -1.87551e-10	  5.41656      0.428156
      249.845	   0.768234	  87.4097   3.39084e-11		    0  -5.24205e-11	-0.901357	 -0.114
      251.087	   0.766846	  88.3076  -1.29982e-10		    0  -2.51075e-10	 -7.13062      0.281665
      252.253	   0.767205	  88.4682  -3.33433e-10		    0  -3.42782e-10	 -5.11574      0.816534
      252.897	   0.766591	  89.1063  -1.24331e-10		    0  -1.36694e-10	 -7.06766      0.279285
      261.987	   0.768291	  86.1648   -2.4301e-10		    0  -7.67135e-10	 -22.8854      0.608137
      262.954	   0.782112	   80.204  -4.57764e-10		    0  -5.47593e-10	 -8.54266	1.16272
      263.269	   0.767826	  89.2387  -4.40809e-10		    0  -5.81625e-10	 -12.8473	 1.1121
      261.956	   0.768217	  89.5237  -6.66866e-10		    0  -7.09667e-10	 -7.89492	1.64424
      262.819	   0.801852	  64.8128  -5.25581e-10		    0  -6.69843e-10	 -1.13737	1.30434
      261.488	   0.768709	  90.0036  -1.80845e-10		    0  -2.98624e-10	 -3.09961      0.450954
      261.304	   0.774398	  87.1657  -3.50387e-10		    0  -4.27411e-10	 -5.62567      0.908646
      263.775	   0.769322	   91.127  -2.76919e-10		    0  -5.30257e-10	 -15.6031      0.697736
      264.103	   0.778261	  86.2255   1.18679e-10		    0  -1.48215e-10	 -6.82818     -0.299085
      262.663	   0.787111	  80.8169  -1.63891e-10		    0	-2.5303e-10	-0.683944      0.406752
      262.057	   0.770139	  91.5176  -2.26056e-10		    0  -3.82352e-10	 -6.14812	0.55822
      261.374	   0.770343	  92.7394  -5.08626e-11		    0  -2.12891e-10	 -7.42027      0.139218
      263.412	   0.785171	  79.9151   -2.8257e-10		    0  -4.95014e-10	 -4.04812      0.700956
      262.919	    0.77633	  87.9926  -1.31113e-09		    0  -1.32875e-09	   -11.29	3.24716
      263.396	   0.774192	  89.9213  -7.62939e-10		    0  -8.19865e-10	 -8.21241	1.87124
      267.061	   0.774324	  81.1363  -5.36883e-10		    0  -5.40322e-10	 -1.26295	1.31141
      265.336	   0.773121	  91.2359   -9.6639e-10		    0  -1.20884e-09	 -11.1088	2.40999
      264.177	   0.773406	  91.5354  -1.26591e-09		    0  -1.26631e-09	 -11.7805	3.13819
      265.316	   0.773702	  90.7303  -1.13028e-09		    0  -1.13054e-09	   -12.81	2.81155
      266.034	    0.77466	   90.302  -5.99049e-10		    0  -6.37298e-10	 -8.02536	1.48724
      264.906	   0.775027	  90.9423  -3.16479e-10		    0  -4.27132e-10	 -8.76345      0.788193
      264.279	   0.775515	   90.354   -2.4301e-10		    0  -4.19338e-10	 -7.63503      0.606306
      264.081	   0.776281	  89.5123  -3.89947e-10		    0  -5.25422e-10	 -6.61384      0.966425
      263.746	   0.775965	  90.0946   2.26056e-10		    0	-1.5915e-10	 -6.55531     -0.567367
      262.907	   0.776612	  89.5179   2.59965e-10		    0  -1.43585e-10	 -5.65449     -0.639169
      263.598	   0.811203	  59.8875   3.50387e-10		    0	-3.8168e-11	  1.52339     -0.837647
      265.097	   0.843167	  51.2121   2.36116e-08		    0	2.31622e-08	  1.20592     -0.786744
      261.553	   0.817795	  71.0814    3.2213e-10		    0  -2.73018e-10	 -12.0133     -0.737642
      261.087	   0.812893	  75.2134  -6.16003e-10		    0  -8.66053e-10	 -23.9429	1.50087
      260.494	   0.807025	   76.639  -1.46936e-10		    0  -5.06789e-10	  -18.994      0.325129
      261.628	    0.80453	  75.3642  -5.25581e-10		    0  -7.39748e-10	 -12.9745	1.25618
      261.312	   0.803754	  74.8142    3.2213e-10	  1.05859e-09  -1.48958e-10	  -6.9582     -0.849349
      260.856	    0.78912	  82.4261  -9.94647e-10	   5.8706e-09	2.36898e-09	 -10.8444	2.44499
      262.686	    0.78953	  79.9732  -8.75968e-10	  1.31653e-08	5.60799e-09	 -10.4493	2.14477
      260.886	   0.778534	  85.0679  -6.78168e-10	  1.96757e-08	5.11364e-09	 -8.26037	1.67333
      261.457	   0.783544	  80.4419  -7.40334e-10	   2.1404e-08	1.89896e-09	 -11.1428	1.85381
       269.82	   0.836591	   31.655   4.71271e-08	  6.62585e-09	3.32208e-08	  14.3261      -0.50459
      269.343	   0.835492	  36.5294   2.28825e-08	   1.7795e-09	1.68117e-08	   12.736	1.10079
      265.162	   0.807543	  66.0665   6.21654e-10	  6.33175e-09  -1.62754e-10	 -7.51875      -1.52931
      267.774	   0.836277	  42.4997   1.13311e-08	  3.45531e-09	1.10583e-08	  7.40488	0.64446
      261.978	   0.807661	  64.7154   1.16984e-08		    0	1.15345e-08	  4.21199     -0.231703
      255.538	   0.795399	  78.0426   7.34682e-11		    0  -3.28157e-10	 -7.39959     -0.110644
      258.174	   0.793641	  77.3097   1.01725e-10		    0  -3.75587e-10	 -9.96808     -0.220787
       260.61	   0.791918	  76.6123   -2.8257e-11		    0  -5.29344e-10	 -11.2938     0.0728788
      265.371	   0.816625	  55.9508  -3.16479e-10	  5.23326e-09	-4.8314e-10	 -1.73809      0.797884
      264.647	   0.796826	  65.3118   4.69066e-10		    0  -2.92007e-10	   4.9424      0.149771
       257.67	   0.792785	  72.2923  -5.76443e-10		    0  -7.23666e-10	  1.95815	1.43866
      256.932	   0.789531	  75.8911  -9.21179e-10		    0  -9.63383e-10	 -9.12853	2.30456
      263.685	   0.807709	  53.3251  -1.24331e-10		    0  -4.03631e-10	 0.473442      0.514058
      263.533	   0.856952	  37.3326   2.32894e-08		    0	2.30336e-08	 -6.77867     0.0839465
       258.24	   0.848015	  52.7163  -2.31708e-10		    0  -6.41091e-10	 -25.3869      0.556056
      258.763	   0.839621	  55.2392  -4.91672e-10		    0  -5.59204e-10	 -24.0989	1.18037
      259.738	   0.835953	  55.3953   4.06901e-10		    0  -1.85113e-10	 -24.3063      -1.08227
      263.743	    0.84258	  50.7458  -2.26056e-11	  4.61011e-10  -6.97364e-10	 -27.7867    -0.0174524
      266.688	   0.839801	  46.8784   3.72993e-10	  4.41701e-09	1.11232e-09	 -20.8357      -0.95944
      267.529	   0.815053	  57.7251   9.72041e-10	    6.972e-09	6.73438e-10	 -17.8055      -1.86344
      266.611	   0.816467	  57.4548  -7.91196e-11	  1.92878e-10  -3.34908e-09	 -23.4628      0.162398
      266.109	   0.804332	  60.2021   3.95598e-10	  1.23657e-08	4.60309e-10	 -18.5616      -1.00609
      267.005	   0.806958	  50.1871   6.49911e-10	   7.3862e-09  -1.11264e-09	 -12.6936      -1.26411
      270.682	   0.790827	   60.081   1.13028e-11	  1.75503e-08	6.95897e-09	  -19.645    -0.0517132
      265.751	   0.789034	  63.1239  -4.29507e-10	  5.38567e-09  -7.98924e-09	 -14.9826	1.04307
      263.584	   0.787506	  62.6007   2.26056e-10	  1.03976e-09  -3.42391e-10	 -9.33748     -0.596116
      260.781	   0.798882	  56.1941   9.60739e-11		    0  -4.26067e-10	 -2.31748      0.172687
       262.91	   0.794326	  56.0019   5.76443e-10		    0  -2.40999e-10	 -5.85837      -1.32884
      259.838	   0.794078	  55.6852   2.88222e-10		    0  -3.74094e-10	 -11.8053     -0.688591
      262.718	    0.82255	    42.51   1.22635e-08		    0	1.13859e-08	 -9.68406      -1.54745
      255.784	   0.810009	  51.9882   5.87746e-10		    0  -1.05515e-10	 -16.2342      -1.42158
      259.087	   0.818924	  45.0273   1.20375e-09		    0  -1.01183e-10	 -22.0196      -2.83059
      261.675	   0.826246	  30.9175   1.17662e-08		    0	 1.1164e-08	 -4.57284     -0.416912
      256.027	   0.800129	  51.3685    3.2213e-10		    0  -1.57508e-10	 -12.7739      -0.77308
      255.105	   0.801502	   49.927   4.69066e-10		    0  -1.02408e-10	 -14.9515      -1.13488
       257.23	   0.802398	  48.4717   7.62939e-10		    0  -1.16215e-10	 -22.6222      -1.87362
      253.758	    0.80364	  47.2491   5.19929e-10		    0  -7.15035e-11	 -10.9748      -1.07087
      253.435	   0.811187	  42.6997   2.31708e-10		    0  -1.18437e-10	 -7.31274     -0.366894
      255.326	   0.801759	  43.9799   3.44736e-10		    0	-9.3858e-11	 -9.67569     -0.639359
      256.651	   0.803626	  43.6353   3.39084e-10		    0	-1.4552e-10	 -15.0136     -0.786274
      257.163	   0.809433	  39.6818   5.08626e-10		    0  -1.49356e-10	 -14.3133      -1.24338
      258.378	   0.816045	   32.491   2.48662e-10		    0  -2.77897e-10	 -7.87685     -0.394044
      268.291	   0.851925	  12.9091   7.30444e-08		    0	6.98194e-08	   4.6195      -1.70757
      259.947	   0.829658	  33.9109   2.53183e-09		    0  -4.06074e-11	 -7.35982      -1.42296
       253.02	   0.829128	   34.099   7.34682e-10		    0  -9.81869e-11	 -25.5644      -1.75933
      251.209	      0.828	  33.6915    6.4426e-10		    0  -1.07385e-10	 -23.7419      -1.60451
      252.047	   0.827039	  32.9717   5.82095e-10		    0  -8.71104e-11	 -18.9178      -1.40813
      252.506	   0.827373	  31.9268   5.42535e-10		    0  -1.35584e-10	 -25.1642      -1.33492
      252.433	   0.826735	  31.2183   3.84295e-10		    0  -1.98663e-10	 -28.0774     -0.968597
      249.406	   0.825558	  30.6998   6.72517e-10		    0  -1.14132e-10	  -21.825      -1.64431
      248.471	   0.826097	  29.3854   6.95123e-10		    0  -1.12596e-10	 -23.2335      -1.72456
      246.822	   0.825299	  29.1989    6.8382e-10		    0	-1.0999e-10	   -21.23      -1.45188
      245.274	   0.824793	  28.7563   5.70792e-10		    0	 -9.586e-11	 -21.5477      -1.29249
	  245	   0.826661	  27.7726   6.38609e-10		    0  -9.47024e-11	 -27.3605      -1.34197
      243.349	   0.827168	  26.7487   5.25581e-10		    0  -9.12503e-11	 -26.4636      -1.27212
      244.979	   0.826929	  24.9154   3.10827e-10		    0  -5.31839e-11	 -13.4336     -0.745997
      247.122	   0.825983	  24.5186   5.82095e-10		    0  -9.02922e-11	 -18.1971      -1.31143
      246.503	   0.825571	  23.4719   4.63415e-10		    0  -7.47548e-11	 -17.3139     -0.986718
       248.09	   0.825738	  22.6593   5.14278e-10		    0  -8.57331e-11	 -24.0712      -1.27775
      247.698	   0.822816	   22.773   6.66866e-10		    0  -9.50972e-11	 -21.4108      -1.31156
      247.256	    0.82431	  21.0627   3.27781e-10		    0  -6.47593e-11	 -21.4906     -0.809727
      249.076	    0.82106	  17.4788   4.80369e-10		    0	-1.0481e-10	  -19.135	-1.2116
      245.699	   0.824473	  20.2225   2.88222e-10		    0  -5.49708e-11	 -16.5558     -0.720162
      239.585	   0.823131	  19.9031   2.26056e-10		    0  -6.22413e-11	 -19.4063     -0.579742
      247.479	   0.822608	  14.6752   5.08626e-10		    0  -9.28563e-11	  -21.721      -1.10412
      246.041	   0.824909	  18.1355   8.02499e-10		    0  -1.43848e-10	 -39.8252      -1.96443
      243.312	   0.817003	  18.2553   1.24274e-08		    0	1.14501e-08	 -30.8624      -1.52654
      244.087	   0.816487	  12.5413   2.48662e-10		    0  -9.52053e-11	  -15.211     -0.564628
      239.489	   0.824549	  16.1498   2.99524e-10		    0  -8.17032e-11	  -24.207     -0.778395
       238.09	   0.816573	  16.3432   5.31232e-10		    0  -1.05783e-10	 -31.0565      -1.06385
      241.608	   0.823501	  14.2974   5.87746e-10		    0  -1.27446e-10	  -33.453      -1.46632
       240.51	   0.809017	  13.6488   4.97323e-10		    0  -1.10951e-10	 -32.2385      -1.21703
      238.656	   0.807825	   9.7371   1.24331e-10		    0  -3.95481e-11	 -8.72586     -0.332251
      233.724	   0.826373	  12.8384   2.03451e-10		    0  -5.54304e-11	 -26.6406      -0.51232
       238.52	   0.828323	  11.9315   4.40809e-10		    0  -1.00265e-10	 -39.9227      -1.10016
       235.84	   0.829741	  11.3543  -4.52112e-11		    0  -1.25703e-10	 -32.8766     0.0955393
      246.057	   0.831736	  10.2021   1.92148e-10		    0  -7.06815e-11	 -41.9259     -0.412932
      241.989	   0.832556	  9.69397   3.33433e-10		    0	-5.5566e-11	 -23.3072     -0.758935
      247.548	   0.821724	  8.23795   9.49436e-10		    0	-1.2661e-10	 -44.9296      -2.24091
      246.469	   0.815074	  7.42874   2.71267e-10		    0  -2.55414e-11	 -22.1013     -0.620025
      245.961	   0.803603	  6.73479   4.63415e-10		    0  -5.00413e-11	  -16.545      -1.05137
      250.038	   0.805233	  3.13153   4.65902e-08		    0	4.64644e-08	  -1.4848     -0.263783
      248.526	   0.806495	  3.83257   1.16871e-08		    0	1.15802e-08	 -3.88994     -0.145153
      239.204	   0.840388	  6.27687   3.95598e-10		    0  -4.94912e-11	 -31.8304     -0.918764
      238.821	   0.841665	  5.98003   4.46461e-10		    0  -5.67979e-11	 -42.2168      -1.03096
      238.414	   0.839144	  5.61296   4.29507e-10		    0  -6.78764e-11	 -48.5793      -1.01855
      238.939	   0.833804	  5.02713   5.02975e-10		    0  -6.84906e-11	 -38.1545      -1.13969
      238.686	   0.830318	  4.73003   3.56038e-10		    0  -4.69452e-11	 -25.7708      -0.72948
      226.868	   0.827475	  4.76777   1.41285e-10		    0  -1.63426e-11	 -22.2103     -0.270381
      230.822	   0.815718	  4.64228   3.10827e-10		    0  -4.97778e-11	 -38.5919     -0.652026
      229.262	    0.81701	  4.23085   2.48662e-10		    0  -5.47168e-11	 -37.2147     -0.569882
      223.594	   0.828437	  3.61559   9.60739e-11		    0  -8.61266e-12	 -25.8232     -0.197148
      226.117	   0.812765	  3.12646   1.41285e-10		    0  -7.97695e-12	 -22.9786     -0.287433
      233.246	   0.796249	  2.09627    3.2213e-10		    0  -5.38789e-11	 -33.9451     -0.697655
      238.977	   0.795405	   1.0709   1.17267e-08		    0	1.15721e-08	 -13.2766     -0.311304
       235.17	   0.820723	  2.21568    2.4301e-10		    0  -3.94029e-11	 -32.3463     -0.536974
      234.066	   0.831085	  1.84941   2.14753e-10		    0  -3.28509e-11	 -44.5724     -0.494244
      244.792	   0.825116	  1.45446   4.06901e-10		    0  -5.64153e-11	 -44.2508     -0.979042
      238.721	   0.812963	  1.07607   5.48186e-10		    0  -8.79758e-11	  -42.767      -1.22817
      229.281	   0.793058	  1.10771   2.37359e-10		    0  -4.15643e-11	 -34.8413     -0.522413
      229.702	   0.821079	 0.954769   2.54313e-10		    0  -5.09281e-11	 -42.5428     -0.600162
      230.688	   0.815525	 0.772133   2.48662e-10		    0  -5.36146e-11	 -39.3396     -0.588064
      233.163	    0.82042	  0.62714   4.52112e-10		    0	-9.0248e-11	  -56.681      -1.05583
      234.135	   0.824148	 0.415975   3.95598e-10		    0  -7.41189e-11	 -47.8585     -0.941145
      236.293	   0.822965	 0.283961   4.91672e-10		    0  -9.36234e-11	 -49.8601      -1.18996
       232.86	   0.824828	 0.219717   3.39084e-10		    0  -6.10608e-11	 -57.5031     -0.796373
      228.364	   0.822031	 0.127801   1.86496e-10		    0  -1.45511e-11	 -35.2329      -0.34553
      240.793	   0.819594	0.0555368   9.72041e-10		    0  -1.28566e-10	 -49.5234      -1.95503
      248.424	    0.80296	0.0301993   1.14158e-09		    0  -1.43834e-10	 -47.9406      -2.77485
      242.236	   0.821466    0.00549344   7.96848e-10		    0  -1.12672e-10	 -45.0601      -1.90746
      237.411	   0.788092   5.32953e-07   1.92148e-10		    0	-1.5471e-11	 -14.7261     -0.406645
      227.281	   0.798263   5.96016e-07   1.63891e-10		    0  -1.78331e-11	 -26.5741     -0.348409
      228.833	   0.806062   5.84995e-07   2.31708e-10		    0  -3.09861e-11	 -36.7697     -0.509738
      224.337	   0.803593   5.96583e-07   1.29982e-10		    0  -1.09117e-11	 -32.5454     -0.269076
      232.551	   0.804598   5.46223e-07   1.92148e-10		    0  -2.53734e-11	 -29.1542     -0.431926
      237.959	   0.797005   5.56903e-07   4.23855e-10		    0  -5.94253e-11	 -33.4273     -0.965338
      232.027	   0.796614   5.81828e-07   3.84295e-10		    0  -6.33082e-11	 -43.4423     -0.808598
      226.749	   0.782982   5.94876e-07   2.03451e-10		    0  -3.33553e-11	 -35.5582     -0.446541
      232.098	   0.788253   5.94719e-07   4.40809e-10		    0  -6.87273e-11	 -47.4365     -0.888232
      241.496	   0.790918   5.62883e-07   5.08626e-10		    0  -8.42678e-11	 -36.9809      -1.16979
	230.4	    0.80568   6.07267e-07   1.92148e-10		    0	-4.8103e-11	 -42.3729     -0.429966
      244.086	   0.797864    6.0288e-07   9.77693e-10		    0  -1.56408e-10	 -59.2048      -2.27406
      233.584	   0.813145   6.15383e-07   3.56038e-10		    0  -8.86888e-11	 -61.2645     -0.885801
      230.467	   0.809061   6.15729e-07   1.69542e-10		    0  -4.28584e-11	  -50.809     -0.418076
      229.401	   0.812052    6.0335e-07   1.58239e-10		    0  -4.31244e-11	 -42.3582     -0.392249
      237.222	   0.797306   5.77323e-07   1.69542e-10		    0  -5.15353e-11	 -38.8093     -0.417055
      225.832	   0.793108   6.26532e-07   1.80845e-10		    0  -5.18626e-11	 -47.6308      -0.45125
      231.599	   0.792909    6.1325e-07   4.91672e-10		    0  -9.35945e-11	 -57.6331     -0.948064
      247.701	   0.791425   5.31985e-07   5.93397e-10		    0  -1.03708e-10	 -38.7835      -1.48905
      243.312	     0.8053   5.82139e-07   6.78168e-10		    0  -1.22618e-10	 -48.4948      -1.67979
      241.274	    0.79105   6.03567e-07   5.48186e-10		    0  -1.13906e-10	 -37.2398      -1.36978
      235.118	   0.781751   6.10993e-07   1.19188e-08		    0	1.15104e-08	 -25.2573     -0.716001
      231.093	   0.783993   6.11485e-07   1.69542e-10		    0  -4.56276e-11	 -26.1562     -0.419312
      225.943	   0.802821   6.30934e-07   1.29982e-10		    0  -3.52619e-11	 -38.4336     -0.318784
       227.48	   0.788548   6.06121e-07   2.09102e-10		    0  -5.50176e-11	 -39.5044     -0.503842
      230.336	   0.793058   6.10857e-07    2.4301e-10		    0	-6.2957e-11	 -43.6587     -0.601811
      231.725	   0.791684    6.1262e-07   3.27781e-10		    0  -7.52275e-11	 -42.3267     -0.748695
       235.05	   0.771611   5.46951e-07   7.91196e-11		    0  -2.58583e-11	 -13.3945     -0.204693
      223.155	   0.777659   6.05222e-07   7.91196e-11		    0  -2.16922e-11	 -26.5973     -0.191141
      225.523	   0.805389   6.24148e-07   1.35634e-10		    0  -3.52452e-11	 -49.5539     -0.335799
      231.813	   0.803111   6.35918e-07    3.6169e-10		    0  -9.56639e-11	 -58.9285     -0.899285
      229.974	   0.800289   6.39196e-07   2.76919e-10		    0	-7.1148e-11	 -48.8216      -0.67868
      236.376	   0.792175   6.13781e-07   4.52112e-10		    0  -9.92241e-11	 -44.6874      -1.06222
      236.437	   0.801429    6.1545e-07   5.36883e-10		    0  -1.20095e-10	 -57.9653      -1.30845
      249.056	   0.779583   5.54436e-07   1.24331e-10		    0  -1.52162e-10	 -47.0697     -0.312215
      238.223	   0.789435   5.94554e-07   3.84295e-10		    0  -8.50097e-11	 -39.2759      -0.95916
      236.291	   0.785154   6.27521e-07   5.42535e-10		    0  -1.10763e-10	 -44.5928      -1.18357
      236.709	   0.781425   6.29612e-07    5.6514e-10		    0  -1.16709e-10	 -55.6998      -1.24815
      233.559	   0.793079    6.2955e-07    3.2213e-10		    0  -7.70768e-11	 -57.3477     -0.798686
      231.398	   0.784866   6.15067e-07   2.76919e-10		    0  -7.72415e-11	 -48.7625     -0.698471
      233.242	   0.765721   6.01414e-07   2.76919e-10		    0  -7.37437e-11	 -40.1328     -0.698583
      241.033	   0.768278   5.21063e-07   1.13141e-08		    0	1.12324e-08	 -34.5428      0.646874
       246.34	   0.784547    4.8904e-07  -1.52588e-10		    0  -2.40155e-10	 -47.6283      0.379438
      254.044	   0.781166   5.24299e-07  -4.46461e-10		    0	-5.5915e-10	 -57.7523	1.12554
      246.854	   0.779733    5.4287e-07  -2.71267e-10		    0  -3.47379e-10	 -30.2475      0.674365
      227.978	   0.804945   6.38356e-07   1.92148e-10		    0  -5.46997e-11	 -53.1791     -0.479782
      226.574	   0.801499   6.47279e-07   1.63891e-10		    0  -4.76568e-11	 -57.9342      -0.40782
      232.802	   0.785556   5.60586e-07   5.08626e-11		    0  -1.34486e-11	 -30.4025     -0.118498
      246.553	   0.784851   5.44789e-07   2.71267e-10		    0	-5.6235e-11	 -45.9427     -0.669971
      256.005	   0.768176   2.74523e-07   3.51913e-08		    0	3.48517e-08	 -17.2333      -0.75164
      238.568	    0.79842   5.00297e-07    1.1608e-08		    0	1.15119e-08	 -24.8721    -0.0118865
       240.78	   0.778684   2.44438e-07   2.09102e-10		    0  -3.72289e-11	  -33.928     -0.508665
      243.212	   0.777038   3.53845e-07   2.32216e-08		    0	2.31386e-08	 -1.93302     -0.159185
      231.564	    0.79067    5.3928e-07   7.91196e-11		    0  -2.08112e-11	 -23.2052     -0.196359
      215.811	   0.810043    5.7725e-07   2.26056e-11		    0  -1.38814e-11	  -29.201     -0.068686
      232.906	   0.803896   5.59112e-07    2.8257e-10		    0  -7.18908e-11	  -63.774     -0.709787
      235.319	   0.786142   5.08393e-07   1.46936e-10		    0  -4.21425e-11	 -19.7551     -0.369823
      230.999	   0.792306   5.06869e-07   1.16588e-08		    0	1.15583e-08	 -12.6137     -0.169291
      244.951	   0.779584   3.37546e-07    2.3312e-08		    0	 2.3189e-08	 -4.24291      -0.23688
      242.832	    0.78136   4.33497e-07   1.17323e-08		    0	1.15586e-08	 -9.37982     -0.361064
      242.447	   0.782765   4.23697e-07   1.16419e-08		    0	1.15679e-08	 -6.55527     -0.142034
      237.014	   0.784733   3.99586e-07   1.16136e-08		    0	1.15592e-08	 -5.20725    -0.0788894
      247.608	   0.785443   3.05647e-07    3.4937e-08		    0	3.47729e-08	  -4.5587     -0.353295
      242.511	   0.786715   4.37981e-07   1.17832e-08		    0	1.15333e-08	 -9.33879     -0.514905
      248.354	   0.788391   2.37545e-07   5.84355e-08		    0	5.82119e-08	 -5.81337      -0.48369
      252.762	    0.79104   3.22676e-07   4.68049e-08		    0	4.62863e-08	 -6.39291      -1.13853
      247.312	   0.791861   3.55002e-07   1.16475e-08		    0	1.15663e-08	 -1.47669     -0.180652
