	    0	1.95103e-12   1.97083e-06	138.138	      9.51652	      76823	  1.09871    0.00038304	      243.627
	    0	1.08304e-11   1.89919e-06	138.464	      7.01106	      76539	  1.10134    0.00035315	      242.147
	    0	4.55421e-13   2.01516e-06	105.667	      7.99163	    75931.1	  1.14106   0.000114958	      231.862
	    0	9.23238e-12   1.91802e-06	120.576	      8.87952	    75671.7	   1.1415   0.000127223	       230.98
	    0	5.47044e-13   1.63064e-06	177.881	      7.17708	    75282.7	  1.08002   0.000339362	      242.875
	    0	1.37704e-12   1.36633e-06	192.593	      6.60549	      75141	  1.06653   0.000413037	      245.483
	    0	 2.6409e-12   1.57601e-06	152.176	      6.46008	    75542.9	  1.10376   0.000219118	      238.471
  1.15805e-08	2.53311e-12    1.3037e-06	 196.83	      4.37645	      75536	  1.07443   0.000337038	      244.959
	    0	3.70535e-12   1.82878e-06	 120.58	      7.01127	    75617.6	  1.13382   0.000133263	       232.38
	    0	1.87289e-12   1.53841e-06	158.521	      6.42552	    76060.2	  1.12146   0.000184687	      236.316
	    0	2.84032e-12	1.681e-06	127.469	      8.27871	    76189.8	  1.12541   0.000185039	      235.887
	    0	2.63363e-11   1.59375e-06	113.267	      7.57114	    76351.8	  1.14987   0.000129613	      231.361
	    0	3.07477e-12   1.45353e-06	119.557	      7.40219	    76491.1	  1.17805   6.69748e-05	      226.239
	    0	1.56298e-13   1.30587e-06	 152.01	      5.91009	    75782.7	  1.15181   7.77587e-05	      229.248
  1.15743e-08	5.12012e-14   1.36233e-06	 97.051	      8.03388	    74974.9	  1.16473   5.63135e-05	      224.289
	    0	3.50324e-13   1.31776e-06	95.7479	      8.85203	    75146.4	   1.1464   9.30794e-05	      228.397
	    0	9.53959e-13   1.28598e-06	106.574	      7.46625	    75581.1	  1.15885   8.23982e-05	      227.251
	    0	8.78505e-13   1.29279e-06	101.578	      6.60317	    75748.5	  1.18329   4.80077e-05	       223.05
	    0	1.09678e-12   1.20644e-06	105.143	       6.8011	    75466.5	  1.19237   3.31724e-05	      220.527
	    0	1.61688e-14   1.18254e-06	93.6539	      7.24848	    75294.5	  1.20627   2.31081e-05	      217.488
	    0	5.92856e-14   1.22046e-06	 89.313	      7.58887	    75054.6	  1.21286   1.75472e-05	      215.618
  2.33655e-08	1.06984e-12   6.63269e-07	174.189	      5.29626	    75031.5	  1.13519   0.000145038		230.3
	    0	2.24423e-11   1.11532e-06	140.971	       5.7269	    75055.4	  1.11109   0.000190147	      235.371
	    0	 2.2189e-11   1.10874e-06	139.693	      6.15823	    76437.1	  1.13638   0.000167858	      234.367
  1.15908e-08	1.36141e-11   8.50516e-07	180.298	      5.23894	    77007.1	  1.11353   0.000287557	      240.962
	    0	5.91967e-11   9.84924e-07	124.337	      7.09551	      76739	  1.12848    0.00021994	      236.942
	    0	1.73276e-11   8.82369e-07	 103.92	      4.76521	    76343.8	  1.16017   0.000109151	      229.282
	    0	1.88636e-14   9.39333e-07	89.6964	      6.14363	    75499.9	  1.19299   3.41295e-05	       220.51
	    0		  0   9.32459e-07	88.8751	      7.21986	    75334.9	  1.18232   4.25077e-05	      222.013
	    0	1.88636e-13   7.85187e-07	97.0476	      8.03869	    75581.1	  1.18475   4.99964e-05	      222.282
	    0	 5.3896e-14    7.6802e-07	91.8755	      7.67352	    75894.6	  1.19224   4.36232e-05	      221.803
	    0	1.14529e-12   7.90464e-07	108.321	      7.53025	    75704.6	  1.19502   3.54533e-05	      220.731
	    0	2.15045e-12   7.59623e-07	113.887	      7.67038	    75319.3	  1.16402   6.52828e-05	      225.457
	    0	 2.6948e-15   7.82253e-07	   97.4	      7.85785	    75207.3	  1.15777   7.08147e-05	      226.337
	    0	8.32693e-13   6.85478e-07	102.734	      7.46084	    74868.4	  1.15939   6.40606e-05	      225.002
	    0	1.63844e-12   6.60031e-07	103.609	      7.43599	    74583.8	  1.15506   6.44549e-05	      224.988
	    0	5.73992e-13   6.47415e-07	105.271	      7.32443	    74250.7	  1.15055   6.30557e-05	       224.86
	    0	3.09902e-13   6.39833e-07	105.238	       8.9742	    73900.5	  1.13584   7.59629e-05	      226.697
	    0		  0   6.46622e-07	94.9539	       8.5974	    74005.4	  1.13877   7.08846e-05	      226.435
	    0		  0   6.14727e-07	101.725	       7.1476	      74197	  1.15005   5.54342e-05	      224.796
	    0		  0    5.8237e-07	88.4208	      7.36901	    74523.9	  1.15771   4.99464e-05	      224.292
	    0		  0   5.58414e-07	100.432	      7.53759	      75101	  1.16803     5.128e-05	      224.032
	    0	 8.0844e-15   5.53704e-07	108.138	      7.53521	    75875.9	  1.17742   6.17656e-05	      224.539
	    0	4.58116e-14   5.69119e-07	129.729	      7.63268	    76413.4	   1.1218   0.000198381	      237.341
	    0	1.18032e-12   5.66617e-07	124.934	      7.77954	    76818.5	  1.12112    0.00022759	      238.744
	    0	8.65031e-13   5.99915e-07	 114.72	      9.06767	    77078.4	  1.12685   0.000197832	      238.333
	    0		  0   6.40979e-07	98.9174	      7.93192	    76931.7	  1.17662   7.69105e-05	      227.818
	    0		  0   6.64405e-07	90.2008	      7.74196	    76128.4	  1.16717   7.68119e-05	      227.264
	    0		  0	0.0369044	88.8502	      7.30929	    75192.5	  1.15347   5.69547e-05	      227.137
	    0	4.09609e-13	 0.149763	105.557	      6.72875	      74932	  1.16019   4.54263e-05	      225.039
	    0	1.21266e-13	 0.354614	111.847	      7.33568	    74362.7	  1.15761   4.43888e-05	      223.826
  2.31848e-08		  0	 0.285828	193.334	      5.44539	    74762.2	  1.09638    0.00019279	      237.596
	    0	 5.3896e-15	 0.462946	166.345	      4.33368	    75181.3	  1.09765   0.000201541	      238.651
	    0	 9.3779e-13	  1.69476	99.1711	      6.84301	    74830.3	  1.16703    4.7696e-05	      223.416
	    0	3.26071e-13	  2.46309	94.2426	      7.19273	    74767.8	  1.19021   2.83921e-05	      218.881
	    0	5.20096e-13	   3.2951	93.4871	      8.07689	    74700.7	  1.15694   6.30198e-05	      224.974
	    0	2.96428e-14	  3.77376	99.7202	      7.14895	    74840.9	  1.15807   6.41433e-05	      225.176
   1.1575e-08		  0	    1.566	140.342	      7.46922	    75176.4	  1.12697   0.000130217	      232.428
	    0		  0	  3.08592	130.859	      7.35287	    75587.7	  1.12423   0.000141972	      234.268
	    0		  0	  7.45648	93.7863	      8.60383	    75663.3	  1.14323   0.000104777	      230.606
	    0		  0	  9.07223	93.9735	      8.35646	    75404.1	  1.14865   8.71928e-05	      228.731
	    0	 5.3896e-15	  10.5134	 94.372	      8.03549	    74760.8	  1.15022   7.31201e-05	      226.471
	    0		  0	  10.8455	95.0392	      8.15074	    75145.3	  1.14554   8.76382e-05	      228.564
	    0		  0	   13.124	92.3092	      7.70652	    75816.1	    1.181   4.98463e-05	       223.68
	    0	1.07792e-14	  12.1494	118.888	      7.93773	    76100.3	  1.15917   8.56117e-05	      228.748
  1.15743e-08	4.82369e-13	  6.76888	163.932	      9.00753	      75600	  1.10584   0.000200948	      238.202
	    0	 9.4318e-13	   11.522	156.276	      7.06855	    75405.7	  1.09905   0.000193269	      239.058
	    0	2.56006e-13	  21.1554	108.294	      6.68092	    75629.5	  1.12733   0.000129056	      233.754
	    0		  0	   26.395	87.1224	      6.54725	    75652.5	  1.16947   6.57775e-05	      225.399
	    0		  0	  27.4512	88.0507	      7.11876	    75315.5	  1.17963   4.67389e-05	      222.462
	    0		  0	  31.3769	82.1993	      7.19112	    75457.6	   1.1798   4.58187e-05	      222.851
	    0	6.46752e-14	  33.6227	81.9206	       7.1491	    75626.8	  1.19739   3.31157e-05	      220.069
  1.15781e-08	2.04805e-13	  21.4195	150.906	      4.11718	    75746.8	  1.15196    9.4449e-05	       229.11
  1.15953e-08	5.30875e-13	  13.2332	 180.88	      4.10111	    75419.6	  1.11033    0.00016807	      236.673
  2.32124e-08		  0	  15.0862	185.874	      3.09458	    75593.2	  1.10113   0.000209987	      239.201
	    0	9.16232e-14	  43.6084	117.032	      6.17525	    75487.5	  1.14346   9.48925e-05	      230.023
	    0		  0	  46.1026	90.5022	      7.99961	    75188.3	  1.17257   4.84782e-05	      223.425
	    0		  0	  52.5192	86.2804	      8.20246	    74853.8	  1.15863   5.56902e-05	      225.105
	    0	7.27596e-14	   55.188	93.0943	      8.66805	    74697.7	  1.14177   9.50202e-05	      227.954
	    0	1.99415e-11	  51.3575	120.833	      6.34671	      75108	  1.12279    0.00015336	       233.08
	    0	8.61258e-12	  55.4642	 127.79	      4.43241	    75564.1	   1.1299   0.000143948	      233.021
	    0	 1.4498e-12	  49.7485	126.361	       6.1243	    75647.9	  1.14731   9.94857e-05	      229.739
	    0	9.97076e-14	  67.9212	109.727	      5.69778	    75900.5	  1.14604   0.000112734	      230.762
	    0	1.04019e-12	  60.8621	121.955	      7.89275	    74745.9	   1.1002   0.000195349	      236.718
  3.48077e-08	8.40777e-12	  24.8709	183.624	       11.137	    74022.6	  1.07016   0.000269035	       241.01
	    0	 2.6948e-14	  44.7428	 152.25	      13.8505	    74767.7	  1.09175   0.000181635	      238.622
	    0		  0	  61.5015	145.011	       11.039	    75257.8	   1.0965   0.000184703	      239.144
	    0		  0	   84.921	99.7852	      8.19093	    75564.4	   1.1315   0.000129224	      232.691
	    0		  0	  61.3089	134.782	      7.68976	    76339.7	  1.13692   0.000149357	      233.959
	    0	 2.6948e-15	  79.2495	141.826	      7.31022	    77069.8	  1.11993   0.000232009	       239.78
	    0	2.53311e-13	  101.375	103.572	      8.81615	    77305.4	   1.1401    0.00018351	      236.256
	    0	8.91979e-13	  86.7137	131.218	      8.35067	    77275.9	  1.10096   0.000425516	      244.563
	    0	2.74007e-11	   107.97	124.433	       6.4149	      76911	  1.11406   0.000319957	      240.547
   1.1575e-08	1.79662e-11	  106.216	134.316	      5.02168	    77079.4	  1.12816   0.000232808	       238.06
	    0	3.95327e-12	  105.323	125.845	      6.57704	    77292.6	  1.13551   0.000181195	      237.172
	    0		  0	   124.55	100.486	      6.62413	      77105	  1.14659   0.000104378	      234.311
	    0		  0	  130.535	95.0039	      7.64983	    76261.1	  1.13765    8.6665e-05	      233.568
	    0	4.06915e-13	  119.415	120.134	      6.08792	      75587	  1.12538   0.000125408	      234.027
	    0	2.17578e-11	  113.556	134.909	      7.95007	    75371.4	  1.10393   0.000236355	      237.893
  1.15853e-08	5.90161e-13	   82.201	 197.51	      8.22917	    74746.5	  1.05204   0.000438455	      247.558
	    0	7.62628e-13	  82.6832	188.096	      8.24627	    73963.4	  1.03731   0.000456181	      248.443
  1.15746e-08	5.95551e-13	  135.669	126.421	      7.74063	    73754.7	  1.05086    0.00033855	      244.548
	    0		  0	  156.399	104.174	      9.58712	    74474.8	  1.07391   0.000257628	      241.634
	    0	2.30944e-12	    158.2	 116.04	      5.92746	    75400.6	  1.10959   0.000219831	      236.773
	    0	1.83651e-11	  96.9909	177.521	      1.69832	    76343.1	  1.10262   0.000298289	      241.247
   1.1587e-08		  0	  93.1276	194.009	     0.654978	    76350.8	  1.07772   0.000454539	      246.846
  3.49684e-08		  0	  65.9419	 197.54	      2.62384	    76702.2	  1.08344   0.000467855	      246.674
  5.82546e-08	 5.3896e-15	  89.0354	213.007	      4.87458	    76270.9	  1.05932   0.000629976	      250.871
	    0	1.07792e-14	  180.405	138.714	      4.92517	    76083.9	  1.08663     0.0002642	      243.966
	    0	2.77564e-13	  153.139	166.711	      12.0633	    75038.3	  1.04872   0.000498411	      249.311
  1.15829e-08		  0	  98.2089	 196.62	      10.9062	    75905.3	  1.07945   0.000318695	      245.012
  1.15756e-08		  0	  127.223	 192.39	      5.67075	    77026.4	  1.08993   0.000408863	      246.239
  1.15777e-08		  0	  133.846	188.018	      6.12232	    76773.6	  1.08723   0.000391597	      246.041
  1.15932e-08		  0	  107.722	202.828	      5.50031	      77074	  1.08443    0.00046419	      247.642
	    0		  0	  189.292	163.016	      4.01215	    77417.1	  1.08595     0.0005111	      248.397
	    0	 2.6948e-15	  218.256	125.163	      6.60682	    76871.3	  1.09614   0.000309677	      244.352
	    0		  0	  225.566	120.909	       7.6752	    76114.9	  1.08924   0.000244699	       243.48
	    0		  0	  169.043	176.199	      8.87715	    75674.9	   1.0539   0.000498074	       250.19
  1.15743e-08	1.85941e-13	  211.169	148.275	      4.90723	    75814.1	  1.06083   0.000473261	      249.013
	    0	8.62336e-14	  245.655	110.829	       5.8294	    76355.8	  1.09704    0.00026338	      242.516
	    0		  0	  250.121	117.107	      8.54905	    76822.2	  1.09665   0.000261492	      244.083
	    0		  0	   250.17	127.379	      8.06551	    76635.1	  1.09225   0.000213957	      244.469
	    0		  0	  231.762	171.063	      8.94429	    76425.6	  1.04238   0.000699536	      255.465
	    0		  0	  263.225	146.653	      8.73537	      76738	  1.04879   0.000764808	      254.942
	    0		  0	   273.98	128.829	      7.28316	    77062.4	  1.07043   0.000558787	      250.844
	    0	 1.3474e-14	   254.24	147.108	      7.07091	      77389	  1.07906   0.000557349	      249.891
	    0	 8.0844e-14	  281.174	143.903	      6.42521	    77581.8	   1.0607   0.000872616	      254.851
	    0	1.26656e-13	   277.59	159.073	      6.06928	    77487.1	  1.05301    0.00104393	      256.398
	    0	4.85064e-14	  253.583	193.809	      2.18039	      77234	  1.03368    0.00142174	      260.341
	    0	4.33863e-13	  283.602	172.746	      4.61739	    77247.8	  1.04891   0.000984417	      256.605
	    0	1.06984e-12	  295.065	172.159	      5.17999	    77150.9	  1.03074    0.00144422		260.8
  1.15819e-08	5.34648e-12	  262.329	189.108	       2.9599	    77808.6	  1.04786    0.00132051	      258.728
	    0	6.14414e-13	  298.896	163.075	       6.8566	    78007.1	  1.05979   0.000881189	      256.466
	    0	 7.4107e-13	  234.908	233.238	      8.60931	    78070.9	  1.02304    0.00194021	      265.897
	    0	3.84817e-12	  314.271	165.383	      6.50548	    78166.2	  1.04343    0.00129785	      261.021
	    0	4.36288e-12	  306.198	171.681	      4.36822	    78055.8	  1.05464    0.00111018	       257.88
	    0	1.61418e-12	  325.815	156.676	      4.63218	    78589.6	  1.06819    0.00100348	      256.352
	    0	2.67594e-12	  332.105	152.018	      4.84381	    78498.9	  1.06972   0.000936671	      255.688
	    0	2.00493e-12	  329.747	151.951	      4.98452	    78762.1	  1.07904   0.000897009	      254.329
	    0	5.68603e-13	  325.951	156.292	      7.93989	    78783.6	    1.074    0.00093431	      255.593
	    0	2.35256e-12	   306.62	191.137	      7.89745	    78584.9	  1.04461    0.00150193	      262.121
	    0	4.23353e-12	  261.527	215.052	      7.65671	    78126.2	  1.03744    0.00157912	      262.394
   1.1577e-08	4.20658e-12	  300.508	178.244	      6.39974	    77752.7	  1.05939   0.000734161	      255.728
	    0	7.65323e-13	  326.057	156.985	      3.48303	    77750.3	  1.07664   0.000627461	      251.623
	    0	 2.6948e-15	  349.904	165.311	       3.2304	    77545.8	   1.0407    0.00127218	      259.629
	    0	3.17986e-13	  344.137	164.295	      1.90146	    77396.5	  1.04697   0.000923799	      257.575
	    0	2.12889e-12	   359.12	155.126	      3.79044	    76859.8	  1.04709    0.00083738	       255.76
	    0	3.02087e-12	  364.401	147.599	      2.83418	    76718.8	  1.05198   0.000800286	      254.105
	    0	1.55759e-12	  377.146	129.074	      2.62343	      76881	   1.0701   0.000668701	      250.329
	    0	7.54544e-13	  378.752	133.611	      5.11402	    77072.9	  1.06601   0.000616669	      251.918
	    0	9.86296e-13	  380.026	138.164	      4.16726	    77266.3	  1.06404   0.000549907	      253.018
	    0	1.52256e-12	  381.761	146.272	      3.53117	    77168.3	  1.05714   0.000730794	      254.346
	    0	 9.3779e-13	  371.867	178.863	       7.7074	    76689.7	  1.01259    0.00164842	      263.889
	    0	2.32561e-12	  368.097	 188.47	      4.52787	    76456.1	  1.00936    0.00152568	      263.927
	    0	2.80259e-12	  384.361	 175.99	      6.07287	    76367.1	  1.00587    0.00162583	      264.536
	    0	1.38513e-12	  386.239	175.104	      4.53547	    77184.4	   1.0211    0.00139122	      263.378
	    0	3.03165e-12	  327.093	211.811	      4.44923	    77451.9	  1.02463    0.00160766	      263.379
	    0	2.39298e-12	  389.137	172.257	      3.25716	    78301.5	  1.04003    0.00148553	      262.327
	    0	1.94834e-12	   386.37	178.735	      3.94079	    78275.9	  1.03958    0.00141496	      262.356
	    0	4.63505e-12	   395.04	174.896	      7.12766	    78069.8	   1.0263    0.00180812	      265.051
	    0	2.50886e-12	   388.86	185.819	      3.83564	    78210.2	  1.02856    0.00194524	      264.944
	    0	1.90522e-12	   379.62	189.114	      2.11261	    78115.8	  1.03207    0.00166503	      263.723
	    0	4.79405e-12	  398.143	172.275	      5.12629	    77833.4	  1.03132     0.0015727	       262.96
	    0	2.77295e-12	  403.817	166.356	      4.59035	      77674	  1.03145    0.00153712	      262.389
	    0	2.58162e-12	  371.995	195.988	      4.69141	      77661	  1.02462    0.00176272	      264.094
	    0	1.07792e-12	  393.403	179.736	      5.98267	      77939	  1.02804    0.00133615	      264.157
	    0	2.93733e-13	   398.22	182.001	      4.89491	    77987.1	  1.02698    0.00149192	      264.593
	    0	3.43856e-12	  359.526	215.193	      3.27759	    77961.2	  1.01643    0.00209349	      267.251
	    0	6.73969e-12	  402.134	182.474		6.912	    78423.6	  1.02603    0.00186396	      266.322
	    0	3.93441e-13	  403.961	178.638	       6.1389	    78805.1	  1.03515    0.00146178	      265.257
	    0	2.61396e-13	  400.932	187.915	      6.52786	    78679.5	  1.02878    0.00175486	      266.476
	    0	 2.6409e-13	  400.737	189.257	      5.19197	    78721.4	  1.02736    0.00196839	      266.986
	    0	3.88051e-13	  404.237	181.446	      5.32051	    78658.4	  1.03033    0.00191921	      266.004
	    0	9.05453e-13	  402.494	180.979	      4.81018	    78566.9	  1.03169    0.00182881	      265.344
	    0	7.05498e-12	  400.111	183.132	      4.98953	    78548.7	   1.0326    0.00180073	      265.047
	    0	7.94966e-13	  402.145	176.595	      5.36426	    78537.6	  1.03457    0.00198599	      264.506
	    0	 5.1821e-12	  400.729	176.033	      4.81675	    78453.4	  1.03691    0.00189821	      263.626
	    0	9.15693e-12	  317.206	 221.06	      4.83421	    78317.2	  1.03534    0.00208046	      263.567
  2.32641e-08	3.27256e-11	  326.539	237.942	      4.08227	    78367.4	  1.02961    0.00236498	      265.205
	    0	3.68595e-11	  390.117	190.163	      5.49543	    78534.7	  1.03994    0.00180499	      263.131
	    0	4.14999e-13	   401.98	  173.5	       7.9106	    78129.9	  1.03513    0.00137828	      262.992
	    0	7.38914e-12	  397.145	172.393	      7.15852	    77982.1	   1.0364    0.00144482	      262.172
	    0	3.42239e-12	  385.554	185.616	       6.3853	    77650.5	  1.02875    0.00146958	      262.997
	    0	  6.737e-12	  381.227	186.947	      4.12569	    77755.1	  1.03208    0.00178928	      262.503
	    0	1.10163e-11	  390.867	179.591	       5.8836	    77729.6	  1.03268    0.00125586	      262.263
	    0	1.83246e-12	  379.974	189.729	      5.57001	    77927.3	  1.02868     0.0013973	      263.954
	    0	7.57239e-13	  384.113	178.439	      4.77936	      77587	  1.03083    0.00118245	      262.253
	    0	9.65008e-12	  371.632	182.353	      6.34026	    77229.5	  1.02404    0.00140632	      262.776
  4.64892e-08	4.32197e-10	  193.716	284.537	      8.49651	    77369.4	  1.00314    0.00306897	      268.735
   2.3271e-08	4.11146e-11	  222.052	275.106	      9.03714	    77486.7	  1.00561    0.00276073	      268.482
	    0	2.95619e-12	   343.28	206.532	      4.74453	    77109.7	  1.00918    0.00249496	      266.232
  1.15798e-08	5.40038e-12	  259.582	258.755	      2.61034	    76813.7	  1.00293    0.00253422	      266.861
  1.15957e-08	3.32538e-12	  336.466	202.084	      2.26887	    77020.1	  1.02407     0.0017886	      262.055
	    0	2.31375e-11	  381.438	151.794	      6.17094	    76913.3	  1.04361    0.00113553	      256.792
	    0	1.34659e-11	  374.637	164.325	      5.32481	    77002.8	  1.03305    0.00136468	      259.718
	    0	2.68133e-12	  368.182	176.417	      5.25987	    77685.1	  1.03242     0.0015882	       262.18
	    0	1.04774e-11	  305.118	230.268	      3.52247	    77806.7	  1.01881    0.00226435	      266.099
	    0	5.36138e-10	  321.458	218.015	      2.75907	    77906.2	  1.02547    0.00218584	      264.709
	    0	5.07431e-12	  348.876	178.512	       3.5945	    78182.8	  1.05694   0.000902975	      257.739
	    0	5.30336e-12	  360.582	163.147	      5.55362	    78047.3	  1.05314   0.000813358	       258.22
	    0	7.52927e-11	  277.315	227.454	      1.82908	    77791.6	  1.03041     0.0018013	      263.052
  2.32168e-08	1.10508e-10	   260.98	231.721	      3.13031	      77185	   1.0211    0.00189214	       263.38
	    0	  1.245e-12	  346.853	174.604	      6.81535	    77855.9	  1.04088    0.00114461	       260.62
	    0	1.37435e-13	  344.429	176.825	      6.08175	    77980.2	   1.0393    0.00108772	      261.433
	    0	3.82661e-13	  337.681	178.625	      6.86175	    78116.5	  1.03826    0.00157397	      262.152
	    0	2.61665e-12	  322.359	 201.27	      7.58318	    78218.4	  1.02374    0.00206507	      266.218
	    0	8.34579e-12	  292.626	225.187	      6.72974	    77982.5	  1.01092    0.00271954	      268.781
	    0	2.50199e-10	  312.116	 218.89	      5.29964	    78143.4	  1.00945    0.00300065	      269.729
	    0	3.41701e-12	  313.048	207.034	      6.94406	    78252.8	  1.01378    0.00235183	      268.952
	    0	1.23664e-11	  307.674	210.517	      5.49829	    78488.7	  1.01804    0.00265544	      268.633
	    0	1.50971e-10	  259.981	227.436	      5.90958	    78343.9	  1.01496    0.00289878	      268.951
	    0	2.02191e-11	  287.232	234.177	      7.66679	      78591	  1.00541     0.0031654	      272.362
	    0	2.99662e-12	  299.214	204.755	      6.04525	      78505	  1.02252    0.00210701	      267.512
	    0	3.98561e-12	    294.6	199.278	      2.56178	    77929.1	  1.02074    0.00219916	      266.013
	    0	1.80498e-10	  279.408	202.373	       3.9909	    77872.4	  1.03547    0.00170344	      262.038
	    0	4.81641e-11	  272.285	208.111	      5.79897	    78242.6	  1.03411    0.00200486	       263.63
	    0	1.40938e-12	  270.419	190.504	      6.15903	    78021.9	  1.04187    0.00160937	      260.928
   1.1585e-08	6.15869e-11	  239.561	217.507	      8.48382	    78059.9	  1.03253    0.00190422	      263.416
	    0	4.00447e-12	  273.635	170.054	      6.02066	    77529.1	  1.04853    0.00123668	      257.633
	    0	6.32604e-11	  248.665	186.659	      7.17145	    77153.8	  1.02953    0.00175906	      261.117
   1.1586e-08	3.89398e-12	  177.939	228.903	      7.22789	    77656.5	  1.03168    0.00171856	       262.27
	    0	9.40485e-13	  257.008	172.387	      4.76009	    77624.3	  1.04876    0.00116659	      257.894
	    0	 8.0817e-12	  251.524	171.625	      6.08321	    77411.5	  1.05014    0.00119594	      256.847
	    0	3.71882e-12	    245.3	173.336	      7.19917	      77661	  1.04359    0.00138414	      259.294
	    0	8.48619e-11	  240.625	170.674	      4.73001	    77868.9	  1.06075    0.00112921	      255.783
	    0	7.83109e-11	  226.148	180.608	      3.92875	    77932.3	  1.06298    0.00101808	      255.452
	    0	7.44223e-11	  221.851	187.481	      4.49768	    78484.1	   1.0638    0.00117276	      257.062
	    0	1.20404e-11	  222.205	187.124	      5.60698	    78859.1	  1.06324      0.001238	      258.428
	    0	2.39568e-12	   208.23	192.936	      5.88488	    78712.4	  1.05943    0.00135897	      258.875
	    0	7.94642e-11	  176.625	216.189	      4.64277	    78553.2	  1.05527    0.00136981	      259.368
  6.98319e-08	2.52285e-09	  87.1795	289.131	      4.57193	    78605.6	  1.02324    0.00300299	      267.667
	    0	  1.959e-09	  199.076	214.354	      1.75819	      78132	  1.04058    0.00200358	       261.62
	    0	3.07207e-11	  199.559	168.964	      7.54784	    77572.6	  1.05926    0.00103721	      255.166
	    0	2.94542e-12	  195.881	163.305	      6.78747	    77656.1	  1.06819   0.000883396	      253.305
	    0	2.35094e-11	  190.631	173.511	       5.7136	    78002.3	  1.06902   0.000967635	      254.237
	    0	1.00489e-11	  184.946	170.963	      6.79331	    78099.4	  1.06771   0.000967457	      254.866
	    0	1.26656e-12	  180.177	168.416	      7.38232	    78145.8	  1.06874   0.000881428	      254.772
	    0	2.75301e-11	  175.989	161.714	      6.88762	    77992.1	  1.08134   0.000800442	      251.308
	    0	1.09544e-11	  168.976	158.981	      6.97352	    77618.7	  1.07999   0.000773142	      250.417
	    0	1.13941e-10	  167.137	 154.17	      6.50584	    77550.3	  1.08592   0.000669917	       248.83
	    0	5.86793e-11	  164.128	149.572	      6.61226	    77407.4	  1.09104   0.000583085	      247.207
	    0	9.90662e-11	  160.221	143.697	       7.5908	    77372.7	  1.09086   0.000546908	      247.137
	    0	9.79021e-12	  154.768	139.356	      7.59012	    77416.9	  1.09979   0.000471604	      245.271
	    0	 1.2838e-11	  143.961	163.317	      5.91709	    77247.4	  1.09244   0.000537194	       246.38
	    0	5.96036e-11	  140.898	165.298	      6.11041	    77099.2	  1.07887    0.00067632		  249
	    0	7.40854e-11	  134.564	165.117	      5.75223	    77109.6	   1.0816    0.00060859	      248.404
	    0	5.74531e-12	   130.03	166.241	      6.71386	    76906.9	  1.07025   0.000707716	      250.379
	    0	1.49885e-10	  128.528	165.368	      5.57666	    77234.8	  1.07559   0.000710849	      250.197
	    0	 9.1704e-12	  119.886	167.106	      6.73857	    76904.1	  1.07516   0.000593021	      249.226
	    0	1.53334e-12	  97.6797	180.565	      6.96297	    76939.7	  1.07042   0.000711184	      250.446
	    0	4.05837e-12	   115.21	164.319	      5.43999	    76796.1	  1.08036    0.00054556	      247.679
	    0	7.30291e-13	   112.53	141.773	       6.7536	    76287.7	  1.10187   0.000305002	      241.237
	    0	7.00136e-11	  82.7271	174.628	      8.46106	    76202.4	  1.06662   0.000598138	      248.931
	    0	2.33208e-11	  103.577	145.295	       8.4907	    77208.5	  1.08081   0.000630523	      248.906
  1.15753e-08	2.51015e-10	  99.7574	 143.32	      6.66777	    77655.3	  1.09876   0.000545051	      246.255
	    0	3.23538e-11	    68.34	171.123	      7.24353	    76980.8	  1.09364   0.000430466	       245.26
	    0	4.36288e-12	  92.0474	139.242	      7.33853	    76531.4	   1.1051   0.000312802		241.3
	    0	1.17396e-10	  89.0993	127.883	      7.25542	    76606.1	  1.10968   0.000324516	      240.538
	    0	1.42016e-11	  81.0056	141.702	      8.91583	    76930.8	      1.1   0.000415951	      243.683
	    0	1.90792e-11	  71.4659	138.492	      8.41053	    77144.1	  1.10812   0.000367184	      242.569
	    0	8.83894e-13	   50.668	159.424	       6.9238	    76691.2	  1.11653   0.000248592	      239.329
	    0	3.89398e-12	  73.9422	123.762	      7.26242	    76747.1	   1.1345   0.000185767	      235.709
	    0	4.59194e-12	  69.4998	125.852	       8.4554	    78086.6	  1.12878     0.0003109	      241.038
	    0	1.23961e-12	  66.6884	129.231	      8.02187	      78245	  1.14551   0.000167552		  238
	    0	3.04917e-11	  60.6315	 156.26	      7.93073	    78382.7	   1.0961   0.000478679	      249.165
	    0	2.37358e-11	  57.8938	157.852	       7.0584	    78228.4	  1.11805   0.000372419	      243.794
	    0	 3.5151e-11	  46.2089	159.245	      9.35352	    77971.3	  1.08546   0.000724392	      250.288
	    0	2.93194e-12	  40.1715	181.036	      5.83602	    77355.4	   1.0825   0.000575843	       248.99
	    0	1.95319e-11	  34.2918	181.244	      5.92053	    76312.9	  1.07316   0.000593533	      247.772
  4.64582e-08	4.02334e-12	  16.0783	220.196	      5.31433	    76536.5	  1.06603   0.000640268	      250.159
  1.15974e-08	1.08196e-11	   19.806	 205.68	      4.38747	      77340	  1.08256   0.000563699	      248.926
	    0	1.20458e-12	  39.3259	141.841	      7.18488	    77090.4	  1.11112   0.000331615	      241.746
	    0	 1.1938e-12	  37.7683	129.662	      8.87277	    76649.1	  1.10604   0.000304686	      241.465
	    0	1.61418e-12	  34.8943	124.255	      9.32761	    76563.4	  1.10544   0.000293359	      241.327
	    0	1.72117e-11	  30.2483	134.717	      7.52944	    76533.7	  1.10217   0.000347345	      241.947
	    0	4.54128e-11	  27.8758	149.323	      6.57761	    76861.2	  1.11151   0.000316925	      240.942
	    0	1.45869e-11	  27.6352	112.119	      6.54982	    76680.5	  1.16864   9.32442e-05	      228.625
	    0	3.02815e-11	  25.1912	111.432	      8.03013	    76360.2	  1.13969    0.00015838	      233.453
	    0	1.20996e-11	  23.1206	105.996	      7.81214	    76650.3	  1.15198   0.000136683	      231.838
	    0	1.24769e-12	  21.0745	102.412	      7.48543	    76141.9	  1.17726   6.07885e-05	      225.357
	    0	 2.1774e-12	   16.698	117.259	      7.42279	      75527	  1.15568   8.63251e-05	       227.71
	    0	2.66246e-11	  10.2884	129.534	      7.90779	    76009.7	  1.12415   0.000193977	      235.592
  1.15781e-08	1.99415e-13	  5.23427	173.508	      5.75991	    77022.9	  1.11734   0.000260187	      240.189
	    0	1.47271e-11	   12.359	132.887	      7.27756	    77737.6	  1.14052   0.000207612	      237.491
	    0	2.91038e-13	  10.9487	125.469	      8.77538	    77510.7	  1.14064   0.000196762	      236.773
	    0		  0	  8.31672	157.008	      8.14975	    76606.7	  1.07587   0.000488862	      248.099
	    0	3.97213e-11	  5.75328	133.808	      7.21998	    76379.1	  1.09867   0.000366421	       242.23
	    0	 1.1911e-11	  5.35273	112.697	      6.57658	    76581.9	  1.14783   0.000146709	       232.47
	    0	3.96135e-13	  5.33627	109.513	      7.68847	    76465.4	  1.14441   0.000147264	       232.81
	    0	4.18233e-12	  4.18556	114.846	      7.21941	    76161.8	  1.13489   0.000159372	      233.832
	    0	1.60691e-11	  3.49227	107.624	      8.76103	    76501.4	  1.12556   0.000221111	       236.82
	    0	1.04289e-12	  2.36548	117.429	      8.85194	      77136	  1.13373   0.000216177	      237.063
	    0	6.17109e-13	  1.60398	125.097	      8.91312	    76898.6	  1.11923   0.000273958	      239.396
	    0	1.33662e-12	  1.25429	102.302	      9.22803	    76615.3	  1.12983   0.000185201	      236.277
	    0	2.60937e-11	 0.718108	113.493	      7.81543	    76916.5	   1.1613    0.00010672	      230.778
	    0	1.64534e-10	 0.307844	144.274	      8.35356	      76907	  1.09673   0.000468905	      244.335
	    0	3.80236e-12	 0.153265	173.163	      8.68332	    76484.8	  1.05834   0.000840393	      251.806
	    0	4.87759e-12	0.0307697	142.435	      8.05242	    76481.4	  1.08506   0.000529784	      245.594
	    0	6.56184e-12   2.51502e-06	160.676	      5.83648	    76227.4	  1.11216   0.000249474	      238.816
	    0	2.16931e-12   2.95442e-06	116.062	      7.14184	      76020	  1.15526   0.000102219	       229.28
	    0	 1.9699e-12    3.0164e-06	110.678	      7.95608	    76323.9	   1.1496   0.000125644	      231.329
	    0	4.41947e-13   3.03748e-06	102.667	      7.43004	    76554.4	  1.17676   7.31984e-05	      226.674
	    0	6.71005e-13   2.79539e-06	140.516	      6.46968	    76557.7	  1.13434   0.000185971	       235.16
	    0	1.47352e-11   2.74344e-06	144.272	      6.66044	    77007.4	  1.11347   0.000337055	      240.976
	    0	4.09448e-11    2.8607e-06	115.396	      8.22127	    77309.1	  1.14668   0.000186494	      234.913
	    0	5.97976e-12   2.74114e-06	108.897	      7.82393	    77004.6	  1.17068   0.000103942	      229.191
	    0	6.45593e-11   2.80863e-06	115.528	      8.09574	    76725.2	  1.13506   0.000208119	      235.524
	    0	3.04054e-11   2.69216e-06	157.703	      6.28572	    76117.8	  1.08014   0.000487439	      245.541
	    0	2.42424e-11   3.12509e-06	112.722	      7.59613	    76336.3	  1.13933   0.000147319	      233.454
	    0	6.68661e-11   2.98254e-06	142.869	      8.37665	    75842.9	  1.06389   0.000626929	      248.391
	    0	1.14798e-12   3.29337e-06	100.448	      9.99271	    76884.9	  1.13086   0.000194468	      236.892
	    0	1.68694e-12   3.22475e-06	 105.28	      8.96125	    76912.9	  1.14852     0.0001312	      233.335
	    0	1.29081e-12   3.21021e-06	108.517	      8.17865	    77274.5	  1.15956   0.000116892		232.2
	    0	1.15607e-12   2.84825e-06	140.675	      8.27389	    76964.4	   1.1189   0.000224394	      239.672
	    0	9.05453e-13    3.0283e-06	89.6972	      8.35855	    77103.7	  1.17393   9.73475e-05	       228.85
	    0	1.12969e-10   2.96125e-06	108.087	      7.74858	    77196.2	  1.13908    0.00022736	      236.134
	    0	1.15068e-12   2.55056e-06	180.588	      7.89401	    76883.1	   1.0686    0.00067364	      250.688
	    0	 1.8648e-12   2.98992e-06	148.991	      8.15558	    76148.4	  1.07428    0.00050973	       246.98
	    0	3.28496e-12   2.88857e-06	152.563	      7.22751	    75413.6	   1.0746   0.000442054	      244.523
  1.15746e-08	5.40226e-11   2.79953e-06	142.959	      6.61034	    75392.5	  1.10648   0.000240794	      237.412
	    0	2.46305e-12   2.83086e-06	127.929	      7.14732	    75638.2	  1.13091   0.000151632	      233.041
	    0	4.76979e-13   3.19981e-06	99.8621	      7.84642	    76576.9	  1.16766    8.6385e-05	      228.508
	    0	6.12797e-12   2.86647e-06	109.318	      7.97883	    77172.3	   1.1683   0.000115275	      230.157
	    0	2.65168e-12   2.95182e-06	114.373	      8.30991	    76718.4	  1.14634   0.000150351	      233.187
	    0	2.59132e-11   2.94081e-06	115.593	      6.83375	    76072.1	  1.12532    0.00020134	      235.541
	    0	9.27011e-13   2.39482e-06	159.564	      5.17914	    76594.8	  1.12853   0.000179295	      236.485
	    0	1.88636e-13   2.72205e-06	101.343	      6.00909	    77588.5	  1.19843   6.81219e-05	      225.582
	    0	4.23083e-13   3.20716e-06	 98.811	      9.20921	    76843.9	  1.17308   9.47854e-05	      228.244
	    0	 3.3685e-12   3.22983e-06	99.6593	      9.06695	    76367.7	   1.1301   0.000184817	      235.457
	    0	2.37412e-12   3.20061e-06	106.905	      9.19967	    76041.5	    1.138   0.000142094	      232.823
	    0	2.78346e-11   2.95336e-06	132.559	      7.54742	    75978.1	  1.10385   0.000288864	      239.826
	    0	1.37543e-11    3.0994e-06	119.027	      8.89153	    76674.7	  1.11279   0.000289471	       240.08
	    0	2.99123e-13   2.51539e-06	179.855	      9.58026	      76078	  1.05212   0.000603683	      251.947
	    0	4.68895e-13   2.82362e-06	140.075	      6.80233	    76021.2	  1.09511   0.000330842	      241.877
	    0	 7.0434e-11   2.92079e-06	127.924	      7.51044	    75024.7	  1.08887   0.000312826	      240.075
	    0	6.73026e-11   2.88053e-06	119.141	      8.97346	    75394.8	  1.09291   0.000293354	      240.366
	    0	6.46752e-14   3.04246e-06	104.486	      8.75814	    76271.2	  1.11985   0.000201926	      237.311
	    0	9.40485e-13	2.859e-06	109.644	      8.05213	    76159.2	  1.12993   0.000170245	      234.848
	    0	5.47044e-13   2.56709e-06	126.311	      8.73915	    76211.8	  1.12617   0.000184692	      235.797
  1.15753e-08		  0   2.24865e-06	163.942	      14.1336	    77322.2	  1.11219   0.000242679	      242.239
	    0		  0   2.26982e-06	170.441	      9.18567	    77464.7	  1.08327   0.000430755	      249.163
	    0		  0   2.39588e-06	185.686	      12.0193	    75909.2	  1.03035   0.000784706		256.7
	    0	3.96135e-13    2.4646e-06	176.352	      9.55638	    75502.6	  1.05648   0.000446936	      249.012
	    0		  0   3.27269e-06	87.7711	      7.86965	    75693.2	  1.13732   0.000120703	      231.896
	    0		  0   3.26084e-06	82.1319	      9.05001	    75787.2	  1.14793   9.26282e-05	      230.037
	    0	7.54544e-14   2.61414e-06	148.437	      7.80952	    75373.9	  1.11777   0.000230667	      234.956
	    0	2.31753e-13   2.53215e-06	167.394	      9.10366	    75311.8	   1.0519   0.000536371	      249.464
  3.48873e-08	2.44688e-12   1.18419e-06	234.462	      2.99688	    74651.3	  1.00926    0.00118112	      257.723
  1.16015e-08		  0   2.48188e-06	145.628	      6.37373	    75474.6	  1.09286    0.00028577	      240.633
	    0	3.15291e-13   1.10447e-06	163.338	      7.16433	      75140	  1.07673   0.000325058	      243.154
  2.31568e-08	 2.6948e-14   1.58702e-06	195.155	      7.19868	    74875.1	  1.07221   0.000341061	      243.319
	    0		  0   2.57622e-06	124.248	      5.08772	    76347.9	  1.13551   0.000149196	      234.273
	    0		  0   3.03885e-06	79.3866	      7.19605	    76385.6	  1.22229   2.40244e-05	      217.749
	    0	3.77272e-14    2.8511e-06	110.248	      9.85765	    75547.5	  1.11308   0.000187736	      236.489
	    0	2.83493e-12   2.37725e-06	149.488	      5.51952	    74987.7	  1.10101   0.000205782	       237.31
  1.15926e-08	9.27011e-13   2.44046e-06	150.081	      5.54223	      74621	  1.11959   0.000121118	      232.231
  2.32203e-08	 4.0422e-14   1.53141e-06	208.565	      6.07676	    74297.3	  1.05533   0.000410233	      245.303
  1.15836e-08	1.82707e-12   1.98269e-06	187.481	       6.4079	    74027.8	  1.05842   0.000363162	      243.701
  1.15912e-08	2.42532e-13   1.95041e-06	188.593	      6.31034	    74097.6	  1.06223   0.000316666	      243.054
  1.15808e-08	7.14122e-13   1.85623e-06	175.524	      3.79798	    74721.5	  1.09469   0.000206384	      237.834
   3.4799e-08	2.93733e-13   1.42455e-06	215.357	      4.97283	    75026.4	  1.05328   0.000547875	      248.192
  1.15746e-08	1.22344e-12    2.0535e-06	183.027	      5.33108	    75130.9	  1.07479   0.000395242	      243.563
  5.82415e-08	2.40107e-12   1.12257e-06	220.793	      5.80233	    75620.2	  1.05858   0.000592357	      248.904
  4.63399e-08	3.71613e-12    1.5442e-06	228.524	      6.58322	    76602.5	  1.05365   0.000915582	      253.318
  1.15774e-08	5.55129e-13    1.7056e-06	203.871	      1.57659	    76808.2	  1.07933   0.000543446	      247.953
