      247.864	   0.803112	 0.467687   2.39563e-08		    0	2.32515e-08	 -13.2314	-1.6782
       246.98	   0.803035	  0.48348   3.64572e-08		    0	3.47495e-08	  -29.337      -3.66102
      247.774	   0.803461	 0.304653   1.76906e-07		    0	1.75787e-07	  6.84395      -2.16549
      247.986	     0.8036	 0.412844    3.5406e-08		    0	3.47026e-08	 -13.4189	-1.6163
      248.785	   0.803569	 0.478099   2.36568e-08		    0	2.31708e-08	  -8.4322      -1.20167
      248.846	   0.803765	 0.458992    5.9125e-08		    0	5.81603e-08	 -7.06858      -2.15479
      248.631	   0.803991	 0.399679   7.02413e-08		    0	6.96205e-08	  4.15509      -1.23796
      245.252	   0.803947	 0.505869   3.48183e-08		    0	3.48084e-08	  23.3569    -0.0309548
      243.131	   0.804172	 0.559868   3.50387e-08		    0	3.47028e-08	 -6.96919      -0.67709
      243.138	    0.80408	  1.02266   2.48662e-10		    0  -2.59906e-10	  -15.593     -0.942539
      238.727	   0.804167	  0.77489   1.16588e-08		    0	1.14286e-08	  -7.8377     -0.313007
      235.769	   0.804161	  1.36627   6.38609e-10		    0	 -1.336e-10	 -29.9116     -0.785539
      233.418	    0.80418	  1.13032   2.93873e-10		    0  -1.65694e-10	 -26.9878     -0.567711
      239.004	    0.80427	 0.852382   1.21166e-08		    0	1.13901e-08	 -35.1955      -1.16562
      241.314	    0.80414	 0.934709   7.91196e-11		    0	2.15708e-11	 -3.15235     -0.168642
      239.231	   0.804192	 0.694717   1.16758e-08		    0	1.16662e-08	 -4.74349     -0.194218
      240.197	   0.804288	 0.901198   1.16475e-08		    0	1.16131e-08	 -3.03374     -0.117696
      241.092	   0.804295	 0.902195   1.16588e-08		    0	1.15846e-08	  -4.5552     -0.214679
      237.807	    0.80432	  1.39588   1.58239e-10		    0	-2.3477e-10	 -13.2296     -0.516263
      238.295	   0.804342	  1.00262   1.19584e-08		    0	1.13858e-08	 -27.1816      -1.06131
      241.746	   0.804311	  1.13783    5.6514e-11		    0  -2.21778e-10	 -11.5404     -0.380902
      238.223	   0.840014	  2.33054   1.24331e-10		    0  -3.18203e-10	 -25.0631     -0.763782
      232.846	    0.82489	  2.66017   6.78168e-11		    0  -3.54238e-10	 -29.3536      -0.74394
      230.455	   0.804303	  2.70327   1.17775e-08		    0	1.12944e-08	 -33.9034     -0.562279
      233.417	   0.804344	  2.82148   3.95598e-11		    0  -3.00141e-11	 -8.69733      -0.17888
      233.229	   0.804384	  2.58589   1.17945e-08		    0	1.13485e-08	 -20.3055     -0.416217
       236.49	   0.804473	  1.38199   3.56264e-08		    0	3.46982e-08	 -49.1945      -1.50583
       241.35	   0.804499	  1.40945   4.66015e-08		    0	4.61284e-08	 -12.0774     -0.814301
      240.275	   0.804428	  3.29131  -1.13028e-11		    0	 -3.913e-10	 -8.97946     -0.503189
      234.842	   0.835701	  3.64725   2.26056e-11		    0  -1.03865e-10	 -11.1382     -0.279124
      235.193	   0.804558	  1.55792   2.37133e-08		    0	2.31286e-08	 -34.0489     -0.949323
      241.532	   0.804499	  2.16989   2.36737e-08		    0	2.29321e-08	  -27.264      -1.25957
      245.717	   0.804592	  1.88157   4.70762e-08		    0	4.63004e-08	  -21.308      -1.71013
      246.567	   0.804621	  2.63252   1.19414e-08		    0	1.15357e-08	  -8.2081     -0.966878
      246.779	   0.804708	  2.90726   1.18736e-08		    0	1.15423e-08	 -6.77973     -0.787103
      240.587	   0.814489	  5.57256   2.09102e-10		    0  -6.98607e-11	 -9.04727     -0.360187
      238.178	   0.804695	  3.02557   1.19358e-08		    0	1.14093e-08	 -22.0935     -0.807474
      240.772	   0.804737	  4.33552   1.17097e-08		    0	1.13529e-08	 -13.0505     -0.621258
      237.949	   0.804746	  5.32925   1.29982e-10		    0  -5.32123e-11	 -7.01753     -0.286769
      234.848	   0.804763	  4.21414   1.01725e-10		    0	1.01725e-10	 -2.48595    -0.0680124
      232.614	    0.80478	  5.50148   1.16928e-08		    0	1.16822e-08	 -6.20608     -0.125224
      232.161	   0.804817	  7.08739   1.75194e-10		    0	2.94012e-11	 -11.1032     -0.225226
      227.855	   0.806915	  8.08207   1.35634e-10		    0	1.32788e-10	 -5.45668    -0.0725074
      225.137	   0.806323	  6.45548   2.48662e-10		    0	9.61644e-12	 -32.0678     -0.343483
      235.359	    0.80492	  3.74584   5.92606e-08		    0	5.80978e-08	  -85.341      -2.09984
      243.727	    0.80497	  3.61809   4.74492e-08		    0	4.64253e-08	 -25.0755      -2.04958
      245.321	     0.8054	  2.82188   2.12549e-07		    0	2.11832e-07	 -4.05083      -1.46195
      244.675	    0.80566	  3.33609   1.88695e-07		    0	1.88246e-07	  13.1455      -0.89207
       244.27	   0.805622	  5.40596   1.20205e-08		    0	1.14115e-08	 -5.01443      -1.13156
      243.164	   0.805622	  7.54385   1.35634e-10		    0	2.20499e-11	 -2.21184     -0.271946
      238.662	    0.81791	  10.6603   7.91196e-11		    0	7.91196e-11	 -5.24618     -0.227486
      233.215	   0.805706	  11.4063   1.16136e-08		    0	1.16136e-08	 -5.96104     -0.131032
      229.389	   0.807767	  12.6086    5.6514e-11		    0	2.44351e-11	 -9.51781     -0.132768
      229.079	   0.805683	  10.2026   6.49911e-10		    0  -1.00837e-10	 -55.1326     -0.840117
      236.956	   0.805727	  6.71555   2.37642e-08		    0	 2.2999e-08	 -43.3908      -1.39312
      241.228	   0.805751	  6.98887    2.3329e-08		    0	2.28442e-08	 -16.2182     -0.838744
      240.426	   0.805712	  12.7475   3.95598e-11		    0  -3.14966e-11	 -3.17025     -0.191372
      238.378	   0.805723	  10.5717   4.52112e-11		    0	4.45214e-11	 -2.56043      -0.11433
      236.221	   0.805764	  10.5418   1.16758e-08		    0	1.15507e-08	 -9.38979     -0.274343
      239.783	   0.805739	  11.8125   2.36794e-08		    0	2.30121e-08	 -31.2116      -1.31969
      242.023	   0.805909	  9.63183   7.02695e-08		    0	6.98348e-08	 -5.23345     -0.826713
      239.071	   0.803852	  18.1692   1.86496e-10		    0	7.05065e-11	  4.59496     -0.280108
       233.52	   0.806026	   18.009   2.31708e-10		    0	-5.3953e-11	 -13.8293     -0.361914
       230.82	   0.803368	  19.5166   1.41285e-10		    0	 1.1438e-10	 -9.50267     -0.164487
	230.6	   0.805958	  10.7737   2.36624e-08		    0	2.32953e-08	 -31.7561     -0.492039
      236.137	   0.806037	   9.3515   3.50161e-08		    0	3.47317e-08	  -19.779     -0.472814
      235.746	   0.804249	  21.4551   2.26056e-10		    0	4.28253e-11	 -10.3738     -0.290161
      232.424	   0.795019	  22.2728   7.91196e-11		    0	7.91196e-11	 -3.23042    -0.0144901
      230.885	   0.792745	  23.3573   6.78168e-11		    0	6.78168e-11	 -11.1759    -0.0593719
      233.265	   0.806012	  14.2734   1.19527e-08		    0	1.15509e-08	 -24.0376     -0.481858
      240.405	    0.80597	  17.1558   2.88222e-10		    0  -1.76977e-11	  -23.613     -0.451986
      240.898	   0.796385	   21.492   6.21654e-11		    0	6.21654e-11	 -6.46481    -0.0145448
      240.886	   0.805963	  19.2303   3.95598e-11		    0	3.95598e-11	 -3.58691    -0.0597169
      238.506	   0.788815	  28.2033   -5.6514e-12		    0  -7.26714e-11	 -11.1248     0.0102933
       236.15	   0.806002	  18.6733   1.18736e-08		    0	 1.1376e-08	  -29.201     -0.888268
       238.05	   0.788132	  29.1254   1.01725e-10		    0  -3.86949e-11	 -7.79232     -0.296083
      235.316	   0.795494	  25.0768   3.95598e-11		    0	6.82358e-12	 -8.16116     -0.129468
      239.462	   0.805999	  14.1187   1.18623e-08		    0	1.13611e-08	 -30.3466     -0.942555
      242.411	   0.798991	  27.3684   2.26056e-10		    0  -1.33867e-10	 -12.4239     -0.720616
       242.64	    0.80601	  25.4073   1.16701e-08		    0	 1.1392e-08	  26.2003      -0.20986
      236.693	   0.780866	  34.7139  -9.04225e-11		    0  -9.04225e-11	   6.7628    -0.0797278
       233.22	   0.806356	  30.9095   1.41285e-10		    0  -3.02992e-10	 -22.2294     -0.559747
      239.007	   0.806301	  11.6521   1.06342e-07		    0	1.05092e-07	 -66.3484      -2.28441
      241.871	   0.806241	  26.5816   2.30238e-08		    0	2.28989e-08	  49.7148      0.471703
      239.301	   0.806261	  24.3846   2.35381e-08		    0	2.29731e-08	 -14.7022      -1.04043
      242.348	   0.806292	  24.1324    1.1834e-08		    0	1.15153e-08	  -9.3713     -0.569013
      243.893	   0.806301	  22.0432   1.16984e-08		    0	1.16596e-08	  -1.3494     -0.304745
       243.41	   0.806334	  24.3615   1.16306e-08		    0	 1.1617e-08	 -2.06007     -0.220896
      244.469	   0.806321	  26.7802   1.15684e-08		    0	1.15683e-08	 0.834457    -0.0979131
      243.972	   0.796478	  33.0316    5.6514e-12		    0  -3.04977e-11	 -4.91529      -0.15912
      245.866	    0.80633	  28.4225   4.29507e-10		    0  -2.60263e-11	 -24.0642     -0.941125
      249.459	   0.806346	  27.6373   2.36398e-08		    0	2.30755e-08	 -13.0392      -1.36219
      248.269	   0.778016	  44.8657  -1.63891e-10		    0  -3.21635e-10	  35.3314	0.17133
      242.072	   0.806842	  39.1981   1.18397e-08		    0	1.13138e-08	 -1.57395      -0.82832
      241.117	   0.801421	  31.2639   1.20318e-08		    0	 1.1337e-08	 -28.1586      -1.18721
      249.026	   0.806556	  19.4254   7.19424e-08		    0	6.97147e-08	 -56.8117      -4.56123
      252.983	    0.80655	  36.2975   2.36285e-08		    0	2.32451e-08	  14.8393     -0.724443
      251.146	   0.807463	  32.7201   1.15797e-08		    0	1.15783e-08	 0.866484     -0.103561
      250.869	   0.806581	  29.8876   3.50104e-08		    0	3.47314e-08	 -4.48844     -0.498004
      249.569	    0.77018	  52.1984   1.35634e-10		    0  -5.93694e-11	-0.593651     -0.508376
      245.769	   0.770936	  52.7161   2.14753e-10		    0  -3.84967e-11	 -5.34965     -0.585108
      244.151	   0.786465	  49.0063   1.86496e-10		    0  -2.30237e-11	 -13.5771     -0.501391
      245.228	   0.806544	  30.0139   2.65616e-10		    0	8.14486e-11	 -11.7548     -0.442045
      245.449	   0.803031	   46.233   2.48662e-10		    0	8.51946e-11	  10.7351     -0.459879
      242.957	    0.80373	  47.5783    2.8257e-10		    0  -9.95446e-11	  4.19074     -0.578016
      239.893	   0.780557	  55.5166   3.05176e-10		    0  -1.26362e-10	 -7.53131     -0.696248
      240.235	   0.806662	  24.7574   3.52761e-08		    0	3.48642e-08	 -26.2358     -0.805489
      246.007	   0.793008	  43.5597   2.39337e-08		    0	2.31117e-08	 -26.3081      -1.76856
      250.821	   0.806715	  40.4733   7.08347e-08		    0	7.01076e-08	  7.80909      -1.22738
      247.824	   0.806735	  40.1751   3.43662e-08		    0	3.43644e-08	  37.5146      0.806378
      245.811	   0.806767	  47.1339   1.13254e-08		    0	1.13173e-08	  47.9638      0.466563
       242.85	    0.80675	  49.7255   1.97799e-10		    0	2.34186e-11	  -1.8599     -0.440416
      243.993	   0.806783	  50.5265   1.17606e-08		    0	1.15054e-08	  1.50909     -0.295805
      243.273	   0.806954	  53.5019   1.07377e-10		    0	9.93569e-11	  9.13985     -0.122816
      241.762	   0.807085	  39.6854   1.86496e-10		    0	1.73862e-10	 -8.36527     -0.267827
      245.948	    0.80681	  44.7156   2.35777e-08		    0	2.31826e-08	 -5.43263     -0.882372
      248.465	     0.8068	  49.1475   1.16532e-08		    0	1.16531e-08	  6.67801    -0.0426258
      247.286	   0.782205	  62.9311   1.75194e-10		    0	1.28564e-11	 0.119056     -0.272292
      245.523	   0.766694	  68.6497  -1.69542e-11		    0  -1.69542e-11	 -11.4966      0.180683
      245.173	    0.76684	   70.358   7.34682e-11		    0	4.90124e-11	 -8.57387     -0.112687
      244.332	   0.770643	  70.4048   8.47711e-11		    0	8.22703e-11	 -7.40028     -0.217028
       245.95	   0.797898	  49.8424   5.25581e-10		    0  -4.91823e-11	 -22.5679      -1.02036
      256.862	   0.806811	  36.7944   7.60735e-08		    0	 6.9507e-08	 -63.4836      -9.19153
      267.515	   0.837618	  32.7619   7.21571e-08	   6.3399e-09	6.96464e-08	  17.2625	-3.0795
      264.334	   0.836709	  45.5395   2.15884e-09	  8.80813e-10  -2.10109e-10	   2.4596      -4.29551
      265.751	   0.837673	   30.388    8.3816e-08	  1.61534e-09	 8.1595e-08	  18.0393      -2.75708
      264.361	   0.833984	  33.4454    1.0814e-07	  8.70807e-11	1.04954e-07	  20.4333      -2.42904
      261.808	   0.814022	  33.2674   3.10878e-07		    0	3.08348e-07	  30.6212      -1.94455
	258.9	    0.81277	  44.4987   1.65688e-07		    0	1.64899e-07	  29.9679     -0.123092
      259.667	   0.812775	  48.3178   3.45809e-08		    0	3.42929e-08	  22.9571	1.08959
      255.519	   0.782654	  71.1171  -3.95598e-11		    0  -2.45185e-10	   5.6891     0.0294556
      251.774	   0.797622	  61.4651  -6.61214e-10		    0  -7.24125e-10	 -5.87722	1.52015
      262.714	   0.846374	  47.8044   1.10089e-08		    0	1.04912e-08	 -8.63411	 1.7253
      261.791	    0.85301	  44.5416  -4.69066e-10		    0  -6.39519e-10	 -6.63408	1.12059
      257.185	   0.826117	  55.9863  -2.20405e-10		    0  -4.63995e-10	 -5.22568      0.701249
      259.853	   0.842256	  47.1245  -1.46936e-10		    0  -2.52317e-10	  2.21663      0.748997
      263.448	   0.824768	  44.4356   2.30351e-08		    0	2.27739e-08	  17.6518      0.465736
      263.331	   0.819009	  51.6741   1.14837e-08		    0	1.11961e-08	  14.0248      0.490263
      256.252	    0.78328	  75.7705   2.65616e-10		    0  -1.64578e-10	-0.839937     -0.266831
       254.16	   0.790167	  73.0342   7.91196e-11		    0  -9.93404e-11	 0.626683    -0.0408971
      253.083	   0.780673	  79.3223  -2.20405e-10		    0  -5.49634e-10	 -6.02099      0.751551
      254.876	   0.780881	  78.5724  -4.29507e-10		    0  -5.93018e-10	  -10.122      0.935266
       254.77	   0.777453	   80.437  -2.26056e-10		    0  -2.76204e-10	 -1.19472      0.321572
      255.304	   0.796017	   73.576  -7.45985e-10		    0  -7.64253e-10	  1.12721	1.57458
       254.98	   0.780495	  80.3714  -5.19929e-10		    0  -5.64406e-10	-0.823013	 1.1864
      253.619	    0.77657	  82.7007  -2.37359e-10		    0	-2.7108e-10	 -1.28027      0.680128
      261.795	   0.831116	  50.2951   1.19866e-08		    0	1.13452e-08	  11.7903     -0.462955
      266.914	   0.831147	  51.1951    3.5163e-08	  4.79195e-09	3.43277e-08	  13.6977     -0.195723
      268.111	   0.820327	  52.9383   2.32103e-08	  2.28915e-08	2.64015e-08	  10.1433      0.459154
      265.264	   0.833239	  53.9244   3.51969e-08		    0	3.11872e-08	  21.3617     -0.357456
      261.241	   0.820982	  52.6698   2.38376e-08		    0	2.26894e-08	  23.4115      -1.35717
      260.176	   0.814688	   42.914   2.40055e-07		    0	2.37497e-07	  40.6121      -2.05824
      258.857	   0.813649	  48.8948   7.01961e-08		    0	6.94029e-08	   34.205     -0.363752
      257.785	   0.813219	  44.6214   7.07443e-08		    0	6.99944e-08	  25.9302     0.0706764
       259.84	   0.775447	  84.1853   1.16136e-08		    0	 1.1147e-08	  11.3924	0.67364
      254.991	   0.808029	  73.1572   1.17267e-08		    0	1.14287e-08	 -2.75694     -0.385889
      254.358	   0.776071	  87.6983  -1.69542e-10		    0  -2.31936e-10	   1.5542      0.315637
      256.275	   0.814223	  47.2456   5.98597e-08		    0	5.84259e-08	  1.46237      -1.87425
      263.063	   0.814611	  51.1496   1.16956e-07		    0	1.16032e-07	  36.2354     -0.238248
      262.534	    0.79148	  74.8098    2.2973e-08		    0	2.27112e-08	  14.8578      0.582519
      257.244	   0.813622	  63.6072   1.07829e-08		    0	1.06855e-08	  9.17709	1.78975
      264.771	   0.832668	  38.5316   9.39546e-08		    0	9.31538e-08	  18.5385     -0.608082
      266.358	   0.836781	  48.1634   8.20075e-08	  1.12014e-08	8.46292e-08	  23.1368     -0.245478
      267.199	   0.832373	  52.6985   2.37246e-08	  1.46599e-08	2.35618e-08	  16.0996	1.18561
      259.744	   0.811291	   74.023   2.37359e-10	  7.84312e-09  -4.64753e-09	  2.14184     -0.347337
       255.44	   0.824509	  69.0329   1.20657e-08	  4.34965e-09	1.14322e-08	  1.07838     -0.589319
       263.65	   0.857013	  40.5027   2.35324e-08	  8.24733e-09	2.33407e-08	  7.37536    -0.0357262
      260.652	   0.842799	  47.8247   2.35381e-08	  4.25407e-10	2.18805e-08	  19.5817	1.47384
      263.327	   0.830051	  52.0549   9.48814e-08		    0	9.31878e-08	  36.6061     -0.660886
      260.869	   0.813817	  24.2229   3.99164e-07		    0	3.95383e-07	  25.3249      -3.52855
      260.834	   0.812542	  36.0906   2.83616e-07		    0	2.82241e-07	  25.4786      -1.65966
      264.244	   0.834467	  52.5265     7.305e-08		    0	7.00071e-08	  19.0487	-2.4503
      266.558	   0.836217	  54.3531   3.52308e-08	  3.09198e-09	3.42284e-08	  23.9465     -0.223099
      262.833	   0.822905	  67.8678   1.97799e-10	  6.59484e-09  -5.29965e-10	-0.563446      -0.25432
      259.424	   0.787975	   81.647  -1.18679e-10	  7.56931e-09  -3.19481e-10	  4.93062	0.33171
      258.213	   0.781829	   86.706  -4.40809e-10	  5.15611e-09  -5.17702e-10	  1.32414	0.98868
      258.724	    0.78671	  83.2351  -8.13802e-10	  4.44102e-10  -1.01163e-09	  -4.9425	1.99072
      266.195	   0.820018	  60.9304  -1.10202e-09	  6.32488e-09  -1.13395e-09	  9.05082	2.69758
      260.285	   0.777822	  85.7108  -3.78644e-10	  2.03407e-08	8.43785e-09	  1.07635      0.806767
       264.28	   0.835645	  38.9386   5.22077e-08	   4.6304e-11	3.69747e-08	  19.9907	 1.0876
      265.055	   0.835307	  44.5203   4.69519e-08	  3.90728e-09	4.59957e-08	  25.5688     -0.248096
       264.76	   0.794668	  77.1434   1.20488e-08	  1.83192e-08	1.33379e-08	  9.59791     -0.379388
      263.955	   0.822858	  45.9828  -1.69542e-10	   1.9123e-09  -3.15102e-09	   14.158      0.813639
      261.533	   0.819918	  68.1822   1.15232e-08	  1.15941e-08	1.11076e-08	 -1.65904    -0.0336103
      258.453	   0.854332	  53.3087  -7.96848e-10	  4.42405e-09  -8.78851e-10	  1.63771	 1.7847
      255.747	   0.811355	  73.9365  -1.69542e-11	  8.08724e-09  -3.54641e-10	 -2.96316     0.0352915
      258.832	   0.832586	  57.4148   3.89947e-10		    0  -6.73626e-10	 -1.03731     -0.495092
      263.594	   0.824545	  63.0805  -7.45985e-10	  4.87289e-09  -9.61155e-10	  2.95968	 1.8051
      260.412	   0.798628	  75.4938   4.40809e-10	  8.51498e-09  -3.70034e-10	 -1.05056     -0.466631
      256.308	    0.78632	  81.7162   -7.2338e-10	  6.85579e-09  -8.94555e-10	  2.83271	1.83159
      260.455	   0.776262	  83.0198  -6.72517e-10	  1.08041e-08  -8.33306e-10	  3.65942	1.65961
       258.28	    0.77282	  87.5106    2.8257e-11	  1.86158e-08  -3.86358e-10	 -6.30733      0.224567
      261.162	   0.810086	  58.5937   -2.8257e-11	  6.36886e-09  -9.09887e-10	  2.78299      0.274135
      265.677	   0.809022	  63.5113   1.25179e-08	  1.39059e-08	1.14139e-08	  8.14804      -1.39169
       265.75	   0.815464	  49.8719   3.53269e-08	  3.38076e-09	3.46239e-08	  18.1025      0.305515
      268.395	   0.837834	  32.1178   8.44433e-08	   2.1046e-09	8.15661e-08	  20.4554      -2.92015
      266.428	   0.838836	  53.3741   1.25405e-08	   1.2763e-08	1.34681e-08	  7.24922      -1.83609
      260.485	   0.811305	   68.241    5.6514e-10	  9.31244e-09  -2.35956e-09	  -0.2268     -0.904514
      259.145	   0.799845	  71.6832   8.47711e-11	  1.23261e-08	-1.5613e-10	 0.864895     -0.094883
      257.487	   0.793409	  75.3285  -5.31232e-10	  2.97552e-09  -8.21551e-10	 -1.00891	1.46089
      257.704	   0.797678	  73.1401    3.6169e-10	  1.57575e-09  -4.82489e-10	  -4.1326     -0.380502
      257.697	   0.836332	  39.1301   5.91758e-08		    0	5.86795e-08	  7.55979      0.185786
      266.688	   0.837633	  36.6211   1.06834e-07	   1.0286e-08	 1.0921e-07	  17.4536      -1.22869
      265.472	   0.805123	  65.7653   7.91196e-10	  2.26625e-08	1.67948e-09	  2.13947      -1.29613
      259.803	   0.791373	  72.8396   6.78168e-11	  2.03408e-08  -5.20299e-09	 -2.69796      0.301697
      261.968	    0.81853	  61.2723   1.26761e-08	  2.24774e-08	1.18928e-08	 -3.29778      -1.88618
      266.383	   0.812461	   62.539   2.33968e-09	  2.74709e-08	7.90454e-09	 -1.59712      -1.09037
      266.748	    0.82295	  56.7018     2.221e-09	  2.76143e-09  -9.65355e-09	  4.65303      0.637107
      267.069	   0.839246	  22.7763   1.84643e-07	    2.014e-09	1.76514e-07	  9.57476      -3.03368
      269.904	    0.83737	   39.175   1.23692e-07	  1.59343e-08	1.25243e-07	  22.3538      -3.99668
      266.071	   0.801912	  65.1957   1.67847e-09	  2.10257e-08  -6.67456e-09	   1.1845      -1.97933
      258.962	   0.791586	  69.5354  -1.01725e-10	  1.53191e-08  -1.47058e-09	 -5.05063      0.424801
      265.194	   0.837644	  30.6208   3.49991e-08	  1.32943e-08	4.28557e-08	  5.87914    -0.0308151
      267.499	   0.832822	  51.2935   1.53153e-08	  6.04832e-09	3.35391e-09	  9.08384      -2.23199
      264.628	   0.815111	  57.7153   4.86699e-08	  9.22675e-09	4.69221e-08	  5.25338      -2.73601
       264.99	   0.793739	  63.6397    3.2213e-10	  3.95699e-08	1.78301e-08	 -8.05331     -0.326286
      268.941	   0.786416	  62.4532   2.15318e-09	  5.12563e-08	2.47954e-08	 -1.80875      -2.01666
      269.619	   0.750231	  76.1678    1.0229e-09	  6.75697e-08	6.92483e-09	 -1.81857     -0.977125
      269.779	   0.771627	  45.7375   2.93647e-08	  8.68264e-08	6.17858e-08	  3.11633      -3.37888
       267.42	   0.835835	  45.6043   1.25292e-08	  6.00157e-09  -3.88864e-08	  21.1634     -0.985994
      262.029	   0.793944	  60.9284   1.38459e-09	   6.6296e-09  -3.87593e-08	 -4.12782      -2.32871
      271.474	   0.836988	  20.2951   1.40336e-07	  3.49444e-09	1.08454e-07	  16.5788      -2.51772
      264.752	   0.804929	  57.9539   2.89352e-09	   4.5547e-09  -3.19284e-09	 -3.24671      -3.80924
      258.508	    0.78753	  62.8957    1.2597e-08		    0	1.13895e-08	 -4.30663      -1.73543
      252.203	   0.789798	   61.427   2.59965e-10		    0  -4.33348e-11	  1.92405     -0.354296
      256.865	   0.825269	  43.0342   1.21562e-08		    0	1.14138e-08	  6.55586     -0.466848
      258.357	   0.793436	  57.9647   1.21223e-08		    0	1.14812e-08	 -5.25321      -1.03042
      254.231	   0.814126	  48.0031   5.76443e-10		    0  -5.03993e-11	  5.27998     -0.999032
      263.103	   0.826194	  26.3166   9.38585e-08		    0	9.29789e-08	  13.8387      -1.08389
      259.704	   0.810207	  49.4196   1.18962e-08		    0	1.15319e-08	 0.971051     -0.555021
      250.854	   0.790467	  57.6086   1.29982e-10		    0  -2.12981e-10	 -3.04776    -0.0820222
      254.878	   0.824203	  40.5098   1.20262e-08		    0	 1.1349e-08	  2.82552     -0.496305
      259.219	   0.827013	  25.4764   3.61464e-08		    0	3.48781e-08	  3.24914      -1.37063
      258.671	   0.792717	  53.8822   1.19753e-08		    0	1.15402e-08	-0.859662     -0.685505
       257.56	   0.822753	  28.8734   2.44932e-08		    0	2.31991e-08	 0.972005      -2.26638
      262.878	   0.817894	  34.1721   3.63329e-08		    0	3.44338e-08	  15.4347      -1.20551
      259.284	   0.821951	  41.8834   1.34899e-08		    0	 1.1483e-08	 -7.68565      -2.76036
      263.105	   0.823547	   28.716   4.76978e-08		    0	4.61463e-08	  9.89293     -0.560925
      252.209	   0.856829	  35.0219   2.88222e-10		    0	-1.4132e-11	 -4.98315     -0.529909
      256.905	    0.87044	  28.6404   1.92148e-10		    0  -5.14987e-11	 -4.71613     -0.400442
       260.27	   0.876079	  21.7053   1.24331e-10		    0	-7.0984e-10	 -1.91659	1.50635
      266.285	   0.832084	   33.081   1.30265e-08	   7.5218e-10	1.14787e-08	  7.56371     -0.559103
      265.035	   0.847838	  12.0852   1.57861e-07		    0	1.54352e-07	  7.33782      -2.37741
       264.28	   0.824005	  23.9394   2.39337e-08		    0	2.29476e-08	  8.71571     -0.922879
      254.623	   0.800776	  42.9464   1.18849e-08		    0	1.14873e-08	 -2.46038     -0.428852
      264.919	   0.835915	  25.6556   8.80263e-08	  2.19213e-10	8.21957e-08	  15.1326      -2.21825
       258.76	   0.821336	  33.3298   4.71497e-08		    0	4.63066e-08	  8.98124     -0.831951
      249.506	   0.820211	  24.1314   3.54626e-08		    0	3.49813e-08	  2.27407      -0.47126
      257.087	   0.815684	  22.6815    8.2064e-08		    0	8.16336e-08	   9.1073     -0.481034
      254.979	   0.815359	  22.5226   3.51913e-08		    0	 3.4702e-08	   6.9606     -0.330412
      251.751	   0.814997	  18.4543   3.52987e-08		    0	3.49405e-08	  5.60832	-0.2061
      251.452	   0.814219	  37.4526   1.22862e-08		    0	1.15421e-08	 -5.58641      -1.46804
       240.74	   0.797981	  40.1204   3.72993e-10		    0  -3.40719e-11	 -12.7124     -0.581322
      249.841	   0.812522	  25.1946   1.20714e-08		    0	1.15474e-08	 -7.44451     -0.611912
      257.907	   0.792771	  37.0035   2.40863e-08		    0	2.33158e-08	 -1.23407      -1.53137
      260.449	   0.815574	  17.5118   1.18193e-07		    0	1.16774e-07	  6.41253      -2.27844
      255.802	    0.81666	  29.9746    2.3962e-08		    0	 2.3097e-08	  7.57348	 -1.127
      251.576	   0.815042	  28.7683   2.40185e-08		    0	2.30919e-08	  3.38214      -1.68925
      245.668	   0.799374	   30.208  -1.41285e-10		    0  -3.92906e-10	 -11.5651      0.675712
      256.194	   0.807872	  31.9186   1.33995e-08		    0	1.14716e-08	 -16.8606	-3.7884
      257.014	   0.822461	  13.8412    4.8116e-08		    0	4.65545e-08	 -6.81025      -1.74032
      262.838	   0.828092	  26.1124   1.50271e-08		    0	1.14743e-08	 -8.39408      -6.14724
      257.604	   0.836532	  17.2217   4.82686e-08		    0	4.70537e-08	-0.371868      -1.09364
      257.561	   0.813188	  18.6983   3.55473e-08		    0	3.43922e-08	  6.67619      0.565144
      253.262	   0.802964	  27.5189  -3.39084e-11		    0  -1.66523e-10	 -9.83059      0.245627
      256.866	   0.815716	  21.9056  -2.71267e-10		    0  -3.33153e-10	 -10.4923      0.728436
      252.641	   0.791283	  29.6085  -3.10827e-10		    0  -4.14988e-10	 -17.2236	0.78964
      260.792	   0.814679	  16.2889   7.12359e-08		    0	6.97803e-08	  6.96171      -2.03594
      260.304	    0.81358	  16.2325   3.55699e-08		    0	3.47287e-08	  3.53469	-1.8592
      257.971	   0.812644	  19.3079   2.43858e-08		    0	2.31344e-08	 -4.90948      -2.05323
      246.431	   0.798765	  27.2732    1.1981e-08		    0	1.15713e-08	 -8.25042     -0.686924
      244.903	   0.810864	    19.71   2.20405e-10		    0  -4.37915e-11	 -11.3997     -0.334527
      235.367	   0.803147	  25.4262   3.39084e-11		    0  -4.57659e-11	 -4.51331     -0.123869
       236.05	   0.793904	  25.4084   9.04225e-11		    0  -1.91953e-11	 -7.99236      -0.17205
       245.89	   0.810817	  14.5654   2.76919e-10		    0  -1.61688e-14	  -4.8486     -0.560351
      258.186	   0.809983	  10.3538   2.39111e-08		    0	2.32273e-08	 -1.72563      -1.06834
       259.73	   0.809689	  8.48217   7.05295e-08		    0	6.98047e-08	  1.25916     -0.998165
      250.581	   0.809628	  19.6715    1.2094e-08		    0	1.15234e-08	 -8.16422      -1.02847
      260.818	   0.835088	  10.2606   3.78757e-08		    0	3.49098e-08	 -5.47827      -3.85678
      260.583	   0.816736	  8.76416   7.11173e-08		    0	7.00157e-08	  2.62065      -1.69445
      255.069	   0.814723	  9.69488   3.53156e-08		    0	3.47856e-08	  1.45261      -1.06829
      246.041	   0.813151	  17.6884   1.24726e-08		    0	1.14655e-08	 -17.1343      -2.00476
       236.53	   0.807612	  18.8432    6.4426e-10		    0  -1.12548e-10	 -35.7852      -1.23012
      240.654	   0.808543	  16.6843   5.93397e-10		    0  -1.10767e-10	 -29.5256      -1.31465
      234.198	   0.801559	  16.7837    2.8257e-11		    0	-2.8949e-11	 -6.64795    -0.0853563
      254.091	   0.810149	   6.5655   3.51178e-08		    0	3.49042e-08	 -2.94176     -0.285818
      249.352	   0.807132	  15.3894   1.19527e-08		    0	1.16132e-08	 -5.81592     -0.604276
      243.891	   0.809159	  12.1771   2.14753e-10		    0  -1.60484e-11	 -5.77356     -0.454282
      246.407	    0.80861	  7.78516     3.531e-08		    0	3.49337e-08	 -5.57447     -0.652328
       250.58	   0.809025	  6.56855   7.07104e-08		    0	6.99807e-08	  2.60364      -1.48558
      250.136	   0.808433	  10.4338    3.5536e-08		    0	3.46861e-08	 -6.55494      -1.58158
      253.783	   0.808348	  4.78364   9.48305e-08		    0	 9.3014e-08	 -1.98757	-1.5906
      251.049	   0.807444	  8.74856   1.28909e-08		    0	 1.1439e-08	 -17.9878	-2.4429
      254.525	   0.807863	  5.33852   1.54244e-07		    0	 1.5266e-07	    6.379	-1.7884
      254.798	   0.807142	  7.31197   3.57847e-08		    0	3.47962e-08	 -4.13355      -1.81317
      257.347	   0.806728	  5.47346   7.11851e-08		    0	6.98165e-08	  0.38711      -2.26855
      252.037	   0.805999	  8.82751   2.36116e-08		    0	2.31491e-08	  -1.4571      -1.02739
      235.214	   0.806019	  10.9396   1.69542e-10		    0  -6.62757e-12	 -9.44796     -0.222042
      243.171	   0.806224	   3.9981   4.70649e-08		    0	4.63406e-08	 -17.5914      -1.12229
      252.838	   0.811539	  9.28317   2.43293e-08		    0	2.30999e-08	 -15.0158      -2.48956
      250.394	   0.804657	  4.03246   1.24331e-08		    0	1.14528e-08	 -18.0558      -1.82044
      245.923	   0.805825	  6.32804   1.20431e-08		    0	1.15317e-08	 -13.9991     -0.972133
       252.47	   0.813237	  7.47438   2.38263e-08		    0	2.31985e-08	 -5.56802      -1.19217
      247.742	   0.803759	  7.02467    1.0116e-09		    0	-1.2404e-10	 -27.2925      -1.95597
      254.515	   0.803324	  5.37804   6.32957e-10		    0  -1.04174e-10	 -22.6958      -1.62326
      254.206	   0.802152	  3.69483   2.45214e-08		    0	2.31228e-08	  -2.9906      -2.85924
	256.1	    0.80397	  1.89745   3.11952e-07		    0	3.10231e-07	 -3.00609      -2.38477
      254.947	   0.803636	  3.26889   1.07247e-07		    0	 1.0518e-07	 -16.4921      -3.82778
	257.5	   0.804939	  2.41092   3.02672e-07		    0	2.99127e-07	  2.84554      -2.88543
      253.222	   0.804623	  2.01879      4.75e-08		    0	4.64781e-08	 -8.06164      -2.07376
      258.231	   0.804399	  2.26145   1.19239e-07		    0	 1.1672e-07	 -10.8435      -3.96391
       256.78	   0.803386	  3.78481   2.50583e-08		    0	2.29616e-08	 -8.16514      -4.35304
      254.096	   0.802534	  2.75697   1.32243e-08		    0	 1.1402e-08	 -21.7502	-3.5129
      256.445	   0.802397	  2.05988   3.56321e-08		    0	3.46815e-08	 -3.17524      -2.00256
      257.269	   0.801971	  2.21763   4.76922e-08		    0	4.63004e-08	 -6.94429	-2.6172
      256.391	   0.801649	  1.91437   5.92606e-08		    0	5.78577e-08	 -1.43334	-3.0235
      254.924	   0.801719	  1.89737   9.40733e-08		    0	9.31893e-08	  8.45229      -1.87326
      253.634	    0.80222	  1.53144   9.43445e-08		    0	9.32851e-08	  2.20921      -1.67843
      250.694	   0.821186	  3.38332   1.18849e-08		    0	1.15771e-08	  0.21647     -0.544065
      241.119	   0.802355	  2.73217   2.76919e-10		    0  -1.04758e-10	  -14.109     -0.571714
      245.845	   0.802525	  1.39255   2.33742e-08		    0	2.31072e-08	 -7.69924     -0.604901
      242.817	   0.802587	  2.10692   4.29507e-10		    0  -1.26501e-10	  -14.496     -0.877981
      240.178	     0.8054	  1.32167   1.20318e-08		    0	1.14233e-08	 -24.9984     -0.983111
       250.21	   0.802586	  1.74329   1.18906e-08		    0	1.12428e-08	 -34.8151     -0.867291
      251.115	    0.83924	    2.442  -2.93873e-10		    0  -3.59323e-10	 -15.9598      0.701002
      238.124	   0.802678	  2.47621   1.20827e-08		    0	1.14408e-08	 -22.5605      -1.16226
      238.179	   0.802714	  1.92532   1.27157e-08		    0	1.15283e-08	 -54.5655      -1.73641
      251.003	   0.813918	  1.38936   1.44111e-09		    0  -3.52514e-10	 -71.5654      -3.41747
      260.216	   0.802446	  1.12792   9.79275e-08		    0	 9.3856e-08	 -15.1587      -6.21302
       258.11	   0.802559	 0.887351   4.72288e-08		    0	4.65982e-08	  11.7189	-1.1774
      249.129	   0.838141	  1.63247   4.63415e-10		    0  -7.51067e-11	 -16.0824      -1.11846
      249.505	   0.803005	 0.681607   1.19052e-07		    0	1.17239e-07	  -28.526      -2.39809
      248.423	   0.813073	  1.63328   8.98573e-10		    0  -1.15241e-10	 -17.5821      -1.69537
      247.582	   0.802704	 0.625347   5.99896e-08		    0	5.79974e-08	 -40.3921      -3.22148
      249.483	   0.802675	 0.640564   2.35324e-08		    0	 2.3127e-08	 0.676303     -0.901992
      246.361	   0.802743	 0.698196   1.24274e-08		    0	1.14885e-08	 -17.4324      -2.02171
      249.221	   0.802714	 0.769724   2.42163e-08		    0	2.30545e-08	 -25.4394	-2.5391
      249.477	   0.802749	 0.593133   1.20318e-08		    0	1.15295e-08	   8.3598      -1.03215
      238.662	   0.802804	 0.962158   7.91196e-11		    0  -1.69437e-10	  11.5228     -0.453243
      230.979	   0.839916	 0.948258   3.33433e-10		    0  -1.09011e-10	  -39.147     -0.518564
      244.333	   0.803137	 0.691344   1.31226e-08		    0	1.13532e-08	 -79.7467      -3.32302
      251.959	    0.81356	 0.777014   5.98427e-08		    0	5.85217e-08	 -3.86615      -2.43047
      243.015	   0.802477	 0.363684   3.50387e-10		    0  -7.96288e-11	 -3.28265     -0.860085
      242.845	   0.803051	  0.49083   2.35664e-08		    0	2.31004e-08	 -15.4532     -0.752587
      242.591	   0.802678	 0.348649   5.91928e-08		    0	5.83658e-08	 -41.2365      -1.69692
      248.748	   0.802804	 0.418962   1.18408e-07		    0	1.16868e-07	 -26.7512      -3.07768
      252.856	   0.803327	 0.388137   1.42251e-07		    0	1.40768e-07	 -6.32927      -2.92501
      246.126	   0.807677	 0.483436    1.1738e-08		    0	1.15816e-08	  7.58505     -0.248793
      245.505	   0.803977	 0.260839   1.77771e-07		    0	1.76969e-07	 -15.1641      -1.34101
      240.773	   0.803761	   0.4618  -1.13028e-11		    0  -1.41545e-10	  24.6305     -0.184288
      234.209	   0.803785	 0.328645   3.67341e-10		    0  -1.05295e-10	 -25.6276     -0.938169
      233.811	   0.823737	 0.532694   1.21788e-08		    0	1.14029e-08	 -54.9359      -1.25146
      241.551	   0.804048	 0.281118   5.88142e-08		    0	  5.816e-08	 -25.1415      -1.25008
      243.287	   0.804142	 0.328101   5.84638e-08		    0	5.81593e-08	-0.363045     -0.448201
      243.559	   0.804242	 0.340352   1.16815e-08		    0	1.16362e-08	  2.94498     -0.140511
      240.226	   0.804166	 0.435901   1.17097e-08		    0	1.14808e-08	  11.4667     -0.161796
       232.69	   0.804196	  0.64511   1.97799e-10		    0  -1.50086e-10	 -12.8714     -0.529175
      227.291	   0.804253	 0.642998   1.18679e-10		    0  -8.48573e-12	 -15.0949     -0.194923
      223.631	   0.820576	 0.641381   6.21654e-11		    0	9.08557e-12	  -10.654     -0.111451
      224.478	   0.804218	 0.262485    2.4301e-10		    0  -9.54692e-11	 -53.7523     -0.610652
      228.119	   0.804254	 0.301324   1.17719e-08		    0	1.14652e-08	 -28.2602      -0.52839
      231.438	   0.804693	 0.334113   1.20431e-08		    0	1.15136e-08	 -52.2719      -1.01925
       234.25	   0.804311	 0.657282   4.52112e-10		    0  -1.29908e-10	 -30.7052     -0.791199
      229.104	   0.823242	 0.696507   5.08626e-11		    0	4.35328e-11	  -4.6186    -0.0721567
      225.776	   0.804332	 0.764234   4.52112e-10		    0  -1.12378e-10	 -52.7363     -0.572327
