  2.32513e-08		  0	   2.3754	184.964	      8.07072	    68454.4	 0.957365   0.000717278	      249.139
  3.49018e-08	3.51833e-11	  2.45465	191.864	      14.8506	      68540	 0.961928   0.000670515	      248.268
  1.75889e-07	1.53323e-10	  1.55009	210.029	      18.8805	    67238.6	 0.946379   0.000566026	      247.555
  3.47915e-08	2.15584e-12	  2.10206	209.481	      8.10596	    67556.6	 0.944745   0.000708099	      249.156
  2.32237e-08		  0	  2.43392	202.245	      5.72075	    68018.5	 0.948584    0.00075308	      249.844
  5.82746e-08	7.58855e-12	  2.33899	213.758	      12.8016	    67463.6	 0.943424   0.000701193	      249.162
  6.97871e-08	2.57838e-11	  2.03908	212.081	      13.5334	    67104.5	 0.941466   0.000610161	      248.351
  3.48577e-08	5.43272e-12	  2.58026	190.095	      8.51291	    66783.6	 0.953323   0.000392339	      244.089
   3.4797e-08	4.57038e-12	  2.85899	 196.88	      6.54794	    67274.8	 0.961762   0.000401377	      243.727
	    0	3.01818e-12	   5.2198	148.423	      5.80344	    67900.9	 0.965309   0.000492364	      245.091
  1.15898e-08	4.22545e-11	  3.95689	142.535	      1.27768	    68717.6	 0.976129   0.000555449	      245.289
	    0	 3.0587e-10	   6.9765	124.913	      5.32001	    69081.7	 0.993161   0.000428354	       242.36
	    0	1.18657e-10	  5.77224	131.316	      4.64276	    69197.7	 0.990147   0.000431676	      243.506
  1.15898e-08	 1.0348e-10	  4.35489	201.852	       7.1133	    68409.6	 0.982904   0.000392548	      242.507
	    0		  0	  4.77234	172.098	      2.80335	      68181	 0.972191    0.00046001	       244.36
  1.15898e-08		  0	  3.54796	 177.18	      3.05666	    68050.8	 0.974307   0.000431852	      243.364
  1.15788e-08		  0	  4.60472	190.701	       2.2956	    68415.5	 0.974547   0.000467277	      244.607
  1.15843e-08		  0	  4.60998	 177.78	       2.8292	      68493	 0.981165   0.000398125	      243.233
	    0	6.06222e-11	  7.13348	140.294	      4.00681	    68275.8	 0.986745   0.000381238	      241.091
  1.15788e-08	2.66462e-11	  5.12437	180.147	      7.92433	    67874.5	 0.982521   0.000337562	      240.704
	    0	4.31168e-13	  5.81449	188.983	      5.30911	    67346.4	 0.965913   0.000343186	      242.937
	    0	1.72467e-13	  14.5671	98.6341	       7.5706	    66858.7	 0.968914   0.000307612	      240.431
	    0	2.98368e-11	  15.1914	97.5732	      7.03341	    67307.4	 0.994395   0.000225696	      235.843
  1.16008e-08	 1.1676e-10	  13.8135	126.286	      5.65224	    67966.9	 0.998497   0.000261688	      237.175
	    0	2.74223e-11	  14.4206	156.793	      3.10646	    68627.3	 0.976457   0.000538329	      244.885
  1.15843e-08	1.50564e-10	  13.2192	 147.19	       4.4604	      69392	 0.997136   0.000429255	      242.479
  3.49018e-08	1.70398e-10	  7.06805	180.028	      8.71787	    68796.1	 0.994501   0.000357035	      241.033
  4.64364e-08		  0	  7.20942	192.334	      10.4278	    68217.3	 0.982004   0.000338242	      242.047
	    0	2.58701e-13	  16.8291	137.102	      3.91239	    68330.6	 0.981446   0.000410965	      242.587
	    0	2.54389e-11	  22.1988	 116.84	      4.19541	    68425.7	 0.985904   0.000368975	      241.826
  2.33396e-08	1.09603e-10	  7.97129	189.549	      5.64113	      68234	 0.979836   0.000423971	      242.642
  2.32237e-08	6.26918e-11	  11.0991	193.295	      5.88674	    68204.4	 0.966168   0.000571551	      245.967
  4.64585e-08		  0	  9.62889	207.736	      8.26884	    67795.7	 0.954156   0.000625238	      247.572
  1.15788e-08		  0	  13.4739	199.736	      7.11192	    67716.2	 0.954258   0.000568248	      247.255
  1.15843e-08		  0	  14.8868	180.779	      5.48518	      67791	 0.952976   0.000609199	      247.861
	    0	7.82138e-11	  30.0389	114.898	      1.68222	    67484.7	 0.955168   0.000612133	      246.175
  1.16174e-08	8.53712e-11	  15.4915	170.269	       5.1754	    67230.7	 0.967423   0.000409011	      242.142
  1.15898e-08	9.57193e-12	  22.2034	172.963	      4.10787	    67380.3	 0.962097   0.000480228	      244.024
	    0	3.88051e-11	   27.294	134.414	       3.2162	    67503.6	 0.969461   0.000445136	      242.613
	    0		  0	  21.5848	145.415	      2.02454	    67507.6	 0.973698    0.00040076	      241.572
  1.15843e-08	 1.0348e-11	  28.1809	 136.32	      2.22501	    67676.1	 0.977752   0.000383303	      241.171
	    0	4.94981e-11	  36.3116	125.129	      2.41952	    67897.2	 0.991172   0.000305217	      238.683
	    0	2.84571e-12	  41.8576	93.5945	      2.08405	    67574.3	 0.989744   0.000268248	       237.89
	    0	3.41485e-11	  33.3312	119.518	       5.4506	    67492.8	  1.00506   0.000187002	      233.982
  5.82801e-08	1.25384e-10	  19.2015	199.585	      10.0036	    67719.5	 0.974994   0.000397467	      242.008
  4.66351e-08	2.32831e-12	  18.5515	196.813	      13.4143	    67885.9	 0.965863   0.000480025	      244.896
  2.11955e-07	2.40592e-11	  14.5009	203.152	      18.9541	      67405	 0.956989   0.000446636	      245.416
  1.88318e-07	1.75054e-11	  17.1663	 198.21	      20.4611	    66827.2	 0.953186    0.00039305	      244.283
  1.15843e-08	7.07115e-12	  27.8116	194.006	      13.0268	    67104.4	 0.956735   0.000423219	      244.387
	    0		  0	  38.8102	162.024	       6.0575	    67271.5	 0.963004   0.000365193		243.4
	    0		  0	   58.544	107.264	       3.3362	    67575.3	 0.974342   0.000347502	      241.654
  1.15788e-08		  0	  58.7063	106.243	      4.12623	    67598.9	 0.976397   0.000357449	       241.23
	    0	3.20789e-11	  65.5903	99.9201	      2.07319	    67795.9	 0.979442   0.000365726	      241.181
	    0	3.20358e-10	  52.5047	133.815	      7.00814	    67830.5	 0.995688   0.000267413	      237.367
  2.32348e-08	2.58701e-11	  34.5675	188.067	      9.91092	    67372.5	 0.978983   0.000313826	      239.787
  2.31961e-08		  0	  35.9788	 190.91	      7.51582	    67468.9	 0.969187   0.000374291	      242.557
	    0	4.82908e-12	  65.6111	138.299	      1.14288	    68102.6	 0.975354   0.000450641	      243.287
	    0	6.89869e-13	  54.4157	158.233	      1.87751	    68455.7	 0.986023   0.000391162	      241.903
  1.15788e-08	1.05205e-11	  54.2731	 153.51	      2.71193	    68989.2	  0.99618   0.000374152	      241.302
  2.31796e-08		  0	  60.8076	178.521	      8.01583	    69151.4	 0.994685   0.000376578	      242.233
  6.99803e-08	2.50077e-12	  49.6253	186.963	      10.6635	    67720.5	 0.974835   0.000339965	      242.051
	    0		  0	    92.63	108.939	      5.51609	    67984.9	 0.990806    0.00027326	      239.079
	    0	4.60487e-11	   92.842	 97.017	      3.98302	    68283.8	  1.00496   0.000238423	      236.749
	    0	2.69049e-11	  99.2542	100.331	      1.52455	    68921.5	 0.998007    0.00031463	      240.624
   2.3301e-08	7.13152e-11	  55.5227	152.142	      5.58413	    68688.6	  1.00835   0.000245205	      237.351
  3.48577e-08		  0	  48.2128	189.579	      4.98525	    68854.1	 0.999577   0.000299028	      240.011
	    0	5.20851e-11	  109.604	101.648	      3.74274	    69050.1	 0.999063   0.000332921	      240.818
	    0		  0	  108.658	 112.72	     0.972337	    69350.5	  0.97972   0.000174832	      246.641
	    0		  0	  112.698	114.516	      3.03973	    69061.9	 0.979523   0.000162152	      245.664
  1.15843e-08	1.07188e-10	  73.5788	192.454	      4.78782	    69725.7	 0.981112   0.000542341	      247.624
	    0	2.75085e-11	  88.4187	192.816	      4.83594	    69683.1	  0.97422   0.000453872	      249.223
	    0		  0	  105.552	153.913	       2.1775	    69082.5	  0.96564   0.000242791	      249.271
	    0		  0	  99.1065	164.482	      1.78447	      68268	 0.963416   0.000445657		246.9
	    0		  0	  133.548	98.4794	      5.85152	    68005.6	  0.98725    0.00022899	      240.014
  1.15843e-08		  0	  96.2551	 146.88	      7.35156	    68010.3	 0.992726    0.00027698	      238.706
	    0		  0	   137.47	 123.95	      3.35484	    68442.7	 0.983986   0.000385346	      242.357
	    0		  0	  122.621	136.311	      2.99748	    68813.2	   0.9759     0.0002945	      245.688
  1.15898e-08		  0	  72.7768	201.024	      6.89696	    68395.3	 0.975806   0.000372133	       244.22
	    0	1.04343e-11	  136.155	165.221	      1.84271	    68355.7	 0.971589    0.00050463	      245.138
  1.15953e-08	3.36311e-12	  130.973	159.356	      9.15912	    68114.2	 0.983745   0.000334908	      241.253
	    0		  0	  158.414	94.8846	      4.57588	    67968.9	  1.00043   0.000188386	      236.725
	    0	3.41485e-11	   159.62	99.7708	      5.68671	    68305.5	  1.00863   0.000216908	      235.962
  1.05401e-07	 8.7872e-11	  60.1558	204.075	      9.69604	    68551.3	 0.981055   0.000436161	      243.467
  2.32348e-08	 1.1814e-11	  137.189	168.211	      9.37384	      67982	  0.98827   0.000250127	      239.683
  2.31685e-08		  0	  125.863	174.264	      11.3957	    68686.8	 0.996455   0.000308169	      240.178
  1.15843e-08		  0	  124.582	178.543	      3.30302	    69104.2	 0.988457   0.000409467	      243.593
  1.15953e-08		  0	  113.802	 186.09	      3.68286	    68976.3	 0.984827   0.000408021	      244.038
  1.15898e-08		  0	  125.791	170.956	      2.57686	    69141.4	 0.987743   0.000416008		243.9
  1.15898e-08		  0	  138.271	188.837	       2.7239	    69240.5	 0.987587   0.000395683	      244.289
	    0		  0	    162.3	155.027	      1.66189	      70156	 0.998127   0.000403336	      244.905
	    0		  0	  146.757	187.409	      6.67246	      70957	 0.995437   0.000554264	       248.37
  2.31741e-08		  0	  142.715	214.674	      7.16475	    70587.6	 0.980883   0.000759772	      250.743
	    0	3.96674e-12	  202.112	133.672	      8.50155	    69820.5	 0.988249   0.000494554	       246.17
  1.15788e-08	2.32831e-12	  202.933	115.349	      6.94753	    69957.4	  1.00598   0.000399246	      242.305
  1.15898e-08	6.79521e-11	  157.438	162.548	      5.37665	    70846.2	  1.00544   0.000523245	      245.516
  7.00796e-08	 1.5729e-10	  100.419	236.067		10.54	    70311.1	 0.969447   0.000994857	      252.707
  2.33231e-08	3.92363e-11	  187.633	193.134	      7.54325	    69227.3	 0.958584   0.000840176	      251.632
  1.16063e-08	1.37974e-12	  169.942	183.633	      0.99377	    69159.2	 0.960995   0.000715394	      250.753
   3.4819e-08	2.18171e-11	  154.523	201.088	      3.06762	    68702.2	 0.952789   0.000738263	      251.242
	    0	1.46597e-12	  227.127	124.222	      2.51158	    68632.7	 0.957091   0.000681045	       249.86
	    0		  0	  230.137	113.013	      3.84516	      67806	 0.955758   0.000525021	      247.194
	    0		  0	  229.499	132.488	      3.97284	    68628.4	 0.962095   0.000505029	      248.545
	    0		  0	  155.146	188.159	      2.21618	    68123.1	 0.952433   0.000575117	      249.217
	    0		  0	  234.722	138.082	      6.17792	    68561.7	 0.976597   0.000475826	      244.616
	    0	2.58701e-13	  242.413	125.244	      7.14462	    68864.3	 0.988636   0.000391107	      242.704
	    0		  0	  252.988	96.4589	      6.40672	    69279.4	  1.00339    0.00032899	      240.576
  3.49239e-08	1.72467e-11	  128.053	179.951	       3.6524	    69147.1	 0.981687   0.000392122	      245.425
  2.32348e-08	2.48353e-11	  210.442	196.076	      5.48209	    69683.3	 0.973823   0.000748492	      249.326
  7.04107e-08	 2.4749e-11	  209.398	213.688	      10.3103	    69182.1	 0.962681   0.000718673	      250.397
  3.47804e-08	1.12104e-12	  207.875	169.833	      5.42385	    69036.3	 0.981879   0.000398219	      244.984
  1.15843e-08	7.67479e-12	  243.922	170.004	      8.71386	    69199.8	  0.99051   0.000376283	      243.425
	    0	2.75947e-12	  257.311	 135.36	      3.68863	    69511.4	 0.995407   0.000391541	      243.318
  1.15788e-08		  0	  261.501	158.812		3.441	    69402.6	  0.99214   0.000391944	      243.737
	    0	8.01972e-12	  277.146	133.618	      9.41438	    69270.2	 0.994599   0.000327585	       242.67
	    0		  0	  205.715	161.869	      3.53583	    69510.6	 0.995123   0.000368482	      243.384
  2.31796e-08		  0	  231.459	204.443	      7.13312	    69348.4	 0.979418   0.000544822	       246.71
  1.15898e-08		  0	  254.387	 182.81	      1.63484	    68912.7	 0.971857   0.000518547	      247.067
	    0		  0	  288.946	123.365	      6.69902	      68845	 0.970544   0.000499063	      247.158
	    0		  0	  294.247	117.594	      4.22413	    69583.9	 0.977341   0.000313187	      248.074
	    0		  0	  301.759	118.097	       2.3566	      69469	 0.972383    0.00045014	      248.927
	    0	2.50077e-12	  306.965	112.401	      3.19812	    69417.9	 0.977815   0.000475701	      247.362
	    0	 1.1012e-10	   246.62	200.399	      3.74831	    70696.1	 0.961631   0.000681278	      256.156
  6.99196e-08	2.48128e-09	  190.458	265.102	      11.0287	    71176.6	 0.949977    0.00202796	      261.061
  6.98147e-08	1.12707e-09	  201.759	 275.56	      10.0112	    70979.8	 0.928704    0.00287238	      266.303
	    0	4.56607e-10	  278.886	230.062	      10.1064	    71133.3	 0.938179    0.00242804	      264.183
  8.18129e-08	9.73749e-10	  187.203	269.304	      10.4945	    71451.8	 0.941213    0.00247218	      264.511
  1.05197e-07	2.00407e-09	   201.46	262.093	      11.1572	    71359.1	 0.945133    0.00221309	      263.072
  3.08598e-07	1.55186e-09	  178.878	257.111	      14.7708	      70342	 0.941256    0.00175055	       260.39
   1.6532e-07	3.09579e-10	  237.668	240.867	      11.5508	    69184.1	 0.938333    0.00126556	      256.902
  3.48301e-08	2.00493e-10	  258.073	 232.77	      4.43249	    69521.1	 0.942147    0.00127135	      257.108
	    0		  0	  327.207	164.145	       1.3364	      70331	 0.962973   0.000978491	      254.478
	    0	8.01972e-12	  303.714	180.038		4.081	    71129.9	 0.960512   0.000909021	      258.029
  1.15788e-08	1.62809e-10	  311.173	224.446	      6.40631	    71767.5	 0.947289    0.00161563	      263.975
	    0		  0	  303.024	218.512	      4.45081	    71761.4	  0.94788    0.00143412	      263.788
	    0		  0	  321.977	189.754	      3.90969	    71363.6	 0.950745    0.00135477	      261.536
	    0	6.89869e-12	   298.74	215.131	      2.56162	    71429.8	  0.95556    0.00134915	      260.459
  2.31796e-08		  0	  253.581	 248.66	      4.72088	    71476.1	 0.952088    0.00187947	      261.578
  1.16229e-08	7.32985e-12	  285.506	232.925	      2.71493	    71689.8	 0.958522    0.00167791		260.6
	    0	1.11586e-10	  349.624	164.404	      2.97996	    71655.2	 0.966627    0.00149904	      258.289
	    0	4.32893e-11	  348.059	162.411	      1.20078	    72024.5	 0.969796    0.00156067	      258.772
	    0	 9.5978e-11	  361.662	148.275	      5.28627	    72137.7	  0.97466     0.0011955	      257.886
	    0		  0	  358.583	153.899	      3.65538	    72062.8	  0.96633   0.000820632	      259.839
	    0		  0	  361.439	159.427	      2.33985	    71871.5	 0.956284    0.00106059	      261.871
	    0		  0	  360.697	171.524	      1.25944	    71761.3	 0.949297    0.00106399	      263.394
	    0	6.46752e-12	  366.149	 160.31	     0.827813	    71708.9	 0.951835   0.000873958		262.5
	    0	2.50077e-12	  370.142	154.125	      1.32254	    71433.9	 0.946559   0.000981852	      262.951
  1.15898e-08	1.96871e-10	  297.809	233.114	      5.93522	    71050.2	 0.942084    0.00200772	      262.781
   3.4819e-08	2.78621e-10	  303.193	256.006	      4.66308	    70599.4	 0.929091    0.00253582	      264.765
  2.32017e-08	1.57807e-10	  294.637	255.908	      2.00746	    70493.8	 0.925161    0.00269063	      265.492
  3.48632e-08	1.29695e-10	  323.364	245.447	      6.60301	    70504.6	 0.931862    0.00232409	      263.624
  2.31906e-08	1.18485e-10	  294.215	228.759	      10.2218	    70329.8	 0.941619     0.0017899	      260.245
  2.37789e-07	1.48123e-09	  231.577	250.198	      16.7066	    69620.4	 0.937563    0.00152311	      258.734
  6.99251e-08	1.29092e-10	   262.38	236.707	      11.9457	    69179.3	 0.938647    0.00128471	      256.798
  7.04659e-08	3.48211e-10	  238.897	233.157	      8.93807	    68900.4	 0.938234    0.00118079	      255.876
  1.16119e-08	3.14321e-10	  374.901	183.817	      2.34162	    69487.7	 0.938713    0.00124327	      257.925
  1.15788e-08	 6.3123e-11	  381.084	163.462	      1.99319	    69959.9	 0.949605    0.00138293	      256.699
	    0	4.48415e-12	  391.635	147.584	      2.04347	    70623.7	 0.951899    0.00138729	       258.51
  5.86223e-08	5.54051e-10	  254.313	206.863		8.624	    70889.3	 0.951098    0.00165623	      259.701
  1.16731e-07	1.52375e-10	  275.905	257.438	      12.4279	    70531.7	 0.941635    0.00180926	      260.988
  2.32789e-08	1.70742e-11	  358.765	208.538	      2.45497	    70931.3	 0.949634    0.00159667	      260.255
  1.16119e-08	1.61257e-11	   341.28	199.509	      2.69306	    71293.4	 0.954387    0.00153444	      260.281
  9.34358e-08	3.29671e-10	   230.27	265.614	      7.41645	    71021.2	 0.941237    0.00215579	       262.91
  8.17136e-08	2.73792e-10	  295.084	265.967	      7.37976	    70798.3	 0.933677     0.0023824	      264.207
  2.32348e-08	9.95049e-10	  314.381	257.376	      2.04958	    70455.1	 0.929217    0.00234598	      264.188
	    0	5.21713e-11	   392.26	183.756	       3.6582	    70654.1	 0.943736    0.00179807	      260.859
  1.15788e-08	2.26536e-10	  393.371	 174.16	      4.94103	    70687.7	 0.948335    0.00175889	      259.717
  2.31961e-08	3.46831e-10	  283.262	244.791	      3.84826	    70515.4	 0.937066    0.00206128	      262.199
  2.32293e-08	9.21751e-10	  304.226	234.709	      4.44045	    70493.5	 0.940335    0.00187571	      261.207
  9.36069e-08	1.04274e-09	  306.298	257.554	      12.1472	    70521.8	 0.939569    0.00192299	      261.525
  3.95571e-07	2.26544e-09	  130.103	254.308	       16.288	    70220.2	 0.941928    0.00167658	      259.754
  2.82509e-07	5.47066e-10	  192.527	252.802	       14.618	    70219.2	 0.942846    0.00160291	      259.498
  7.03169e-08	1.80487e-09	  317.317	258.001	      13.0622	    70968.8	 0.939251     0.0021605	      263.271
   3.4808e-08	3.59939e-10	  331.861	 259.45	      8.73862	    71422.9	 0.939398    0.00243656	      264.915
	    0	1.59963e-10	  383.227	203.542	      3.67627	    71566.2	  0.94564    0.00205742	      263.694
	    0	9.38221e-11	  385.082	184.838	      2.41438	    71774.7	 0.949269    0.00220825	      263.451
	    0	2.66462e-11	  397.422	170.356	      1.34181	    71890.4	 0.954143    0.00159212	      262.528
	    0	8.19219e-12	  390.244	171.116	      5.17057	    71669.5	 0.946408     0.0014496	       263.86
	    0	1.41423e-11	  338.535	239.214	       4.1776	    71560.1	 0.938731    0.00177073	      265.612
	    0	7.07115e-12	  385.776	184.265	     0.899192	    71471.9	 0.938355    0.00170189	      265.391
  4.64916e-08	6.22813e-09	  236.918	251.391	      7.60459	    71214.3	 0.943052     0.0019286	      263.118
  4.65689e-08	3.77962e-10	  270.322	261.262	      8.08176	    71222.9	 0.943716    0.00215489	      262.964
  1.15788e-08	4.40481e-10	  375.701	213.262	      4.62285	    71065.2	  0.93852    0.00234729	      263.834
	    0	2.56027e-10	  259.581	242.183	      4.42946	    70875.6	 0.939181    0.00217034	      262.945
  1.15788e-08	2.40592e-11	  378.617	196.075	      3.60094	      70760	 0.937179    0.00177516	      263.077
	    0		  0	   365.96	200.543	      3.42284	    71318.3	 0.939607    0.00164628	      264.468
	    0	5.10503e-11	  391.934	166.411	      3.58867	    70951.6	  0.93996    0.00195176	      263.009
	    0	   2.23e-10	  342.951	194.613	      7.91562	    70625.8	 0.947375    0.00159572	      259.753
	    0	 1.2935e-12	  359.526	217.626	      3.12009	    70732.3	 0.935392    0.00162236	      263.477
	    0	2.64737e-10	  374.897	184.887	      4.22097	    71135.4	 0.947274    0.00190153	      261.655
	    0	3.31999e-11	  382.423	167.151	      3.83998	    70894.1	 0.944437    0.00158468	       261.55
	    0	2.41454e-12	  371.057	186.321		3.684	    70873.5	  0.94222    0.00152007	       262.09
	    0	1.45131e-10	  385.203	161.094	      2.99421	      70999	  0.94243    0.00167888	      262.495
	    0	1.17709e-10	  308.528	209.385	       7.2544	    70775.6	  0.93507    0.00207993	      263.729
  1.15898e-08	3.71494e-10	  332.557	229.044	      5.16509	    70494.7	 0.928115    0.00265502	      264.651
  3.49515e-08	4.83943e-10	  270.256	254.173	      5.08354	    70460.5	 0.927812    0.00258308	      264.609
  8.16639e-08	1.62154e-09	  198.056	282.233	      10.2628	      70304	 0.917647     0.0030052	      266.946
  1.15953e-08	2.19637e-10	  331.179	241.254	      5.94795	    70796.8	 0.928528    0.00271028	      265.666
	    0	1.99458e-10	  361.647	188.951	      3.75373	    71418.2	  0.94884    0.00213104	      262.261
	    0	6.85557e-11	  358.138	185.727	      2.32259	      71248	 0.948662    0.00195315	      261.685
	    0	6.23469e-11	  364.627	172.046	      4.52979	    70892.9	 0.948748    0.00144299	      260.357
	    0	2.16446e-10	  361.504	170.377	      6.09544	    70700.7	 0.946053    0.00161585	      260.391
  5.90252e-08	2.32658e-10	  239.083	220.357	      4.28521	    70959.5	  0.93961    0.00180173	      263.136
   1.0603e-07	3.17081e-10	  225.545	271.809	      7.40484	    71074.5	 0.934408    0.00261442	       265.03
	    0	2.54648e-10	  337.471	 220.49	     0.694034	    71474.9	 0.938774    0.00267445	      265.284
	    0	1.64879e-10	  349.139	184.065	      4.15705	    71735.9	  0.94949    0.00190638	      263.247
  1.15788e-08	3.08199e-10	  337.644	202.843	       4.8484	    71999.5	 0.942338    0.00288107	       266.22
	    0	 1.8686e-09	  333.471	224.221	      1.77399	    72087.6	  0.93947    0.00310691	       267.36
	    0	2.44205e-09	  320.259	 230.31	      4.87935	      71352	 0.930656    0.00272213	      267.138
   1.7649e-07	 6.8729e-09	  141.684	272.206	      7.71724	    70880.9	 0.925558    0.00317225	      266.835
  1.17515e-07	4.54106e-09	  240.884	282.749	      11.4906	    71300.6	 0.925439    0.00340098	       268.45
	    0	8.63888e-10	  329.125	215.724	      4.27263	    71812.3	 0.936496    0.00298264	      267.184
	    0	1.02963e-10	  333.641	178.759	      2.24632	      71772	 0.937245    0.00159075	      266.821
  3.47639e-08	1.92904e-10	  188.603	263.258	      2.77343	    71585.2	 0.931549    0.00257707	      267.754
  1.16119e-08	2.78198e-09	   306.82	243.128	      5.84056	    71145.8	 0.930221    0.00290122	       266.49
  4.69663e-08	 5.9277e-10	  312.162	222.959	      6.07371	    71146.8	 0.938056      0.002463	      264.268
	    0	1.55738e-10	  308.539	218.152	      4.58388	    72129.8	 0.938445    0.00264337	      267.808
	    0	1.29187e-09	  292.406	 241.43	      2.93593	    72572.7	  0.93363    0.00406213	      270.843
	    0	5.91562e-10	  304.953	227.245	     0.772199	    72168.9	  0.92826    0.00361445	      270.894
  2.32624e-08	4.71387e-09	  200.275	273.615	      7.18879	    71790.4	 0.921761    0.00362778	      271.373
  1.15843e-08	4.91963e-10	  277.796	249.769	      7.01016	    70846.6	  0.92884    0.00270391	      265.764
	    0	4.15991e-10	  295.689	188.844	      8.56054	    70811.7	 0.940261    0.00209509	      262.407
  1.05467e-07	3.38168e-08	    124.5	 291.48	      4.10892	    71123.9	 0.919817    0.00383868	      269.421
	    0	1.32205e-09	  297.091	208.243	      5.75868	    71184.1	 0.934058    0.00282841	      265.538
  1.15788e-08	2.78276e-10	  296.021	174.515	      5.08325	    70881.7	 0.950022    0.00177787	      259.967
	    0	7.14876e-11	  292.228	161.547	       3.8753	    70635.6	 0.958555    0.00142945	      256.758
  1.16063e-08	3.22686e-10	  246.288	208.894	      5.57654	    70539.9	 0.952215    0.00158203	      258.118
  1.15843e-08	9.43395e-11	  280.613	185.443	      3.08808	    70949.4	 0.946119    0.00187834	      261.289
	    0	1.30816e-10	  258.256	192.011	      6.32569	    71112.2	  0.95164    0.00185897	      260.369
  9.31102e-08	2.72326e-10	  151.414	260.198	      7.53476	    70758.9	  0.94217    0.00195603	       261.68
  1.15898e-08	3.00093e-11	  260.387	204.409	      2.35136	    70772.4	 0.946511    0.00174316	      260.529
	    0	7.26087e-11	  274.938	158.987	      2.98675	    70362.9	 0.952122    0.00138262	      257.495
  1.16008e-08	1.92042e-10	  230.435	199.635	      5.84047	    70396.1	 0.957034    0.00133316	      256.295
   3.4946e-08	6.16311e-10	  147.273	 235.43	      6.53628	    69954.9	 0.939254    0.00175779	      259.509
  1.15953e-08	7.41609e-11	  259.946	196.348	     0.220193	    70035.1	 0.936685    0.00184924	      260.519
  2.32679e-08	2.81466e-10	  162.899	219.727	      8.56032	    70204.9	 0.945627    0.00165476	      258.682
  3.47915e-08	1.04196e-09	   187.65	 252.48	      8.52131	    70662.9	 0.941027    0.00194028	      261.642
  1.15843e-08	7.83691e-10	  235.235	200.546	      6.96246	    70847.7	 0.947985    0.00182592	      260.401
  4.64254e-08	1.02704e-09	  162.741	256.929	      5.66297	    70834.4	 0.940711    0.00207808	      262.365
	    0	6.26918e-11	  244.616	183.416	      2.45308	    70995.1	 0.956977     0.0016875	      258.491
	    0	2.31106e-11	  221.059	 214.09	      3.23939	    70932.4	 0.946213    0.00181586	      261.201
	    0	6.98492e-10	  175.154	239.924	      4.02133	    70896.8	 0.943793    0.00130835	      261.739
  1.16008e-08	1.17778e-09	  197.009	264.493	      3.99487	    70855.3	 0.930559    0.00257924	      265.306
  1.54398e-07	2.51052e-09	  79.4235	271.603	      4.85941	    70461.6	 0.930112    0.00243348	      263.958
  2.31741e-08	3.74599e-10	  136.023	260.455	      3.89617	    70248.3	 0.931344    0.00220404	      262.811
  1.15843e-08	1.03135e-10	  215.569	189.523	      1.71609	    70411.7	 0.946475    0.00166306	      259.211
  8.22765e-08	4.84072e-09	  156.356	268.487	       8.8568	      70354	 0.928684    0.00239451	       263.96
   4.6464e-08	3.28119e-10	   186.55	222.943	      4.35501	      70141	 0.945658    0.00152831	      258.438
  3.51336e-08	 1.2271e-10	  134.221	198.805	      4.90485	    69907.9	 0.954896    0.00121374	      255.087
  8.17687e-08	8.43364e-11	  123.058	226.348	      4.68789	    69828.4	 0.947276    0.00129848	      256.846
   3.4808e-08	2.41282e-10	  121.981	229.447	      3.04971	    69813.1	 0.947706    0.00136837	      256.674
  3.50674e-08	 1.3211e-10	  99.7514	211.905	      4.92853	    69711.4	 0.953275    0.00113558	      254.802
  1.15843e-08	7.36435e-11	  201.596	170.748	      4.18352	    69305.2	 0.957356   0.000949805	      252.238
	    0	1.31506e-10	  198.597	132.051	      4.45914	      69850	 0.974704   0.000766806	      249.696
  1.15788e-08	2.17136e-10	  134.387	199.381	      3.88529	      70453	 0.968029    0.00114177	      253.588
  2.33562e-08	9.75302e-11	  178.564	207.165	      4.22167	    70444.7	 0.951033    0.00144071	       258.09
  1.16803e-07	4.35652e-10	  94.9531	255.555	      10.0925	    70300.4	 0.941974    0.00171203	      260.038
  2.31906e-08	2.96643e-10	  163.492	209.949	      4.02419	      69601	 0.949856    0.00120966	      255.315
  2.32072e-08	9.24424e-11	  155.539	192.622	      12.5716	    69862.1	 0.967424   0.000835388	      251.619
	    0	8.72684e-11	  150.569	167.547	      4.37883	    70626.3	  0.97259    0.00064498	       253.02
  1.15898e-08	2.53268e-10	  166.132	188.522	      7.32927	      70189	 0.948469    0.00156778	      257.848
    4.674e-08	6.50287e-10	  77.9616	235.095	      10.0328	    70861.6	 0.956014    0.00141604	      258.264
  1.16119e-08	9.26925e-10	  151.898	232.186	      9.40218	    71024.7	 0.939632    0.00241883	      263.372
  4.71373e-08	 7.1272e-10	  105.352	228.719	       3.8824	      71137	 0.950696    0.00184475	      260.719
  3.49349e-08	8.04818e-10	  100.092	234.928	      8.35478	    71063.5	  0.96318    0.00103314	      257.074
	    0	 3.6563e-11	  139.664	192.741	       3.7938	      71486	 0.960699   0.000834963	      259.269
	    0	1.62119e-11	  118.868	215.261	      4.77893	    71416.2	 0.959395   0.000961299	      259.369
	    0	1.20727e-12	  141.859	184.218	      4.91254	    71623.8	 0.959751   0.000801296	      260.026
  6.98533e-08	5.34131e-10	  87.8955	252.919	      10.6792	    71035.8	 0.950697    0.00167825	      260.347
  3.48356e-08	1.79366e-11	  87.0747	247.179	      6.10856	    70549.5	   0.9455    0.00171733	      259.986
  2.31851e-08	3.49763e-10	  103.055	220.078	      5.21413	    70603.9	 0.949493    0.00170235	      259.093
  1.15843e-08	9.11489e-11	   135.53	154.829	      3.60111	      70272	 0.965279    0.00115334	      253.657
	    0	6.62274e-11	  104.211	169.132	      4.41713	    69633.8	 0.956318   0.000940089	      253.709
	    0	1.61257e-11	  129.163	126.447	       2.5809	    69355.5	 0.977131    0.00067329	      247.313
	    0	2.55251e-11	  123.284	 138.97	      3.92971	    69977.6	 0.975083   0.000649254	      250.055
	    0	2.43179e-11	  76.9911	202.176	      2.80076	    70394.3	  0.95539    0.00146573	      256.729
  2.32403e-08	2.17481e-10	  54.4886	249.161	      3.59885	    70014.1	 0.940182    0.00171835	      259.473
  6.98313e-08	2.90521e-10	  44.5701	253.632	      1.75534	    69964.1	 0.940196     0.0016323	      259.284
  1.15843e-08	1.03222e-10	  103.332	181.706	      3.22054	    70215.4	 0.959413    0.00130382	      255.003
  3.50288e-08	1.31204e-09	  62.2187	258.365	      9.08335	    70490.5	  0.93842    0.00203081	      261.729
  7.00575e-08	3.69511e-10	  47.8226	 251.37	      5.03536	    69763.2	 0.933954    0.00178557	      260.267
   3.4808e-08	 5.5017e-11	  52.3263	226.753	      5.32177	    69131.4	 0.943207    0.00121171	       255.38
  1.15788e-08	 7.4592e-11	  94.6669	153.596	      8.98276	    69328.4	 0.976904   0.000688682	      247.273
	    0	1.50305e-10	  97.9435	107.534	      9.40658	    69430.6	  1.01274   0.000289228	      238.875
	    0	7.37297e-11	  87.1438	136.347	      7.20044	    70200.2	  1.00117   0.000490947	      244.315
	    0	9.31323e-12	  84.5776	144.279	      1.55678	    71100.3	 0.987808   0.000499445	      250.794
   3.4957e-08	4.95843e-11	  34.5823	238.996	      4.98576	    70575.4	 0.964934   0.000926265	      254.844
  1.16229e-08	6.15708e-11	  79.7924	 186.55	      2.61539	    70053.1	  0.96437    0.00104255	      253.106
	    0	2.13859e-11	  63.8074	183.999	      1.72995	    70071.2	 0.964736   0.000982799	      253.075
  3.50122e-08	7.57993e-11	   40.677	197.338	      4.00647	    70083.9	 0.971856   0.000885199	      251.266
   7.0041e-08	5.19126e-11	  34.3947	218.034	       12.122	    69675.4	 0.969643   0.000740234	      250.372
  3.47639e-08	1.25556e-10	  54.4657	203.973	      10.4872	      69487	 0.966537   0.000746204	      250.497
  9.30991e-08	1.10353e-09	    24.96	232.322	      11.4322	    69474.2	 0.953605   0.000969845	      253.848
  1.15898e-08	3.41399e-10	  45.4337	195.705	       7.4998	    70241.4	 0.966602    0.00104671		253.2
  1.52748e-07	 7.8507e-10	  27.7849	235.267	      12.5288	    69631.6	 0.954816    0.00101918		254.1
  3.48522e-08	1.85575e-10	  37.9137	230.754	       7.9235	    69529.6	 0.949479    0.00114981	      255.154
   6.9903e-08	3.74254e-10	  28.3199	242.701	      9.14104	    69167.8	 0.936901    0.00137234	      257.234
  2.32127e-08	6.89869e-12	  45.5024	193.013	      5.04558	    69419.2	 0.955555     0.0010111	      253.129
	    0	 5.5362e-11	  56.3953	 125.84	      4.21244	    69385.2	  0.98003   0.000637695	      246.687
  4.64088e-08	 2.0101e-10	  20.6326	206.615	      5.60964	    68603.2	 0.954548   0.000847248	      250.418
  2.32458e-08	1.13311e-10	  49.2578	195.015	      7.82903	    68636.8	  0.93988    0.00113892	       254.45
  1.15898e-08	 1.3944e-10	   20.643	204.195	      5.18626	      69246	 0.952885    0.00106908	      253.205
  1.15898e-08	6.52788e-11	  32.5893	188.163	      3.85466	    70086.2	 0.957874    0.00118072	      254.942
  2.32568e-08	9.26149e-11	  40.0206	206.679	      3.43103	    70103.8	 0.960744    0.00112286	      254.245
	    0	2.23862e-10	  35.7961	183.474	      5.66767	    70525.2	 0.975292   0.000928137	      251.958
	    0	1.56945e-11	  27.3447	210.188	      8.21992	    70886.7	 0.963748    0.00106889	      256.283
  2.33065e-08	1.12966e-10	  18.6751	231.185	      11.5292	    70797.4	 0.970012    0.00108681	      254.307
  3.10353e-07	6.68138e-10	  9.67941	243.025	      11.3253	    70318.2	 0.956073    0.00123712	      256.268
  1.05384e-07	3.61836e-10	   16.647	215.255	      10.4028	    69944.6	 0.951445    0.00131703	      256.146
  2.99248e-07	 2.2782e-09	  12.3598	239.304	      11.8797	    69262.1	 0.938117    0.00137498	      257.251
   4.6613e-08	8.10596e-11	  10.3328	222.616	      7.88494	    69903.6	 0.959316    0.00105419	      253.896
  1.16902e-07	  7.899e-10	  11.5616	 252.55	      9.69144	    70445.9	 0.947426    0.00165312	      259.077
  2.32017e-08	1.71519e-10	  19.2499	201.706	      11.2027	    70588.5	  0.95613    0.00145264	      257.238
  1.15953e-08	2.36194e-10	  13.9618	220.428	      9.18743	    70445.4	 0.959981    0.00124624	      255.687
  3.47583e-08	6.14845e-11	  10.4244	237.701	      7.76719	      70683	 0.959366    0.00130606	      256.713
  4.64254e-08	2.33693e-10	  11.1985	241.983	      7.74185	    70708.9	 0.955133    0.00148022	      257.946
  5.80373e-08	6.34679e-11	  9.65139	231.151	      11.9246	    70478.9	 0.957591    0.00128038	      256.447
  9.32813e-08	6.15708e-11	  9.56913	235.052	      13.6191	    69695.3	  0.95439    0.00103665	      254.446
  9.33309e-08	3.09406e-10	  7.74314	231.821	      12.1461	    68949.3	 0.947929   0.000951197	      253.439
  1.16174e-08	7.81276e-11	  18.9209	178.039	      3.13218	      68567	 0.950769   0.000825948	       251.28
	    0	6.25193e-11	  13.8236	162.616	      2.91435	    68631.5	 0.959738   0.000747696	      249.166
  2.31685e-08	 1.0348e-12	  7.05174	204.993	       1.6771	    68975.3	 0.965799   0.000697895	      248.843
	    0	1.08654e-10	  10.6727	 150.64	      4.52568	    69818.6	  0.98906    0.00059141	      245.961
  1.15953e-08	1.12276e-10	  6.79171	178.724	      4.50052	    70755.7	  1.00183   0.000535555	      246.086
  1.16174e-08		  0	  8.83062	222.352	      6.97915	      71099	 0.975623   0.000737515	      253.922
	    0	2.75947e-12	  15.1904	164.913	      5.99553	    70115.8	 0.966716    0.00055107	      252.717
  1.15788e-08	5.86388e-11	  12.5491	 110.75	      9.37789	    69537.7	  1.01124   0.000315448	      239.599
  1.16671e-08	3.46228e-10	  9.75899	161.129	      6.89932	    70432.3	  1.00281   0.000531947	      244.722
	    0	4.70835e-11	  7.46637	208.735	      10.6197	    71099.9	 0.969889   0.000984615	      255.426
   9.4065e-08	1.38025e-09	  5.70944	 259.83	      11.6605	    70477.8	 0.940885    0.00196171	      260.996
  4.66627e-08	1.41251e-10	  4.49425	230.447		6.606	    69339.5	 0.939747    0.00133434	      257.091
	    0	5.46721e-11	  10.0858	 148.75	      4.13384	    69847.9	 0.955803   0.000891229	      254.626
  1.17399e-07	7.19619e-10	  3.46003	221.445	      10.4382	    69720.6	 0.962813   0.000897062	      252.312
	    0	2.52837e-10	  8.73754	154.517	      5.96744	    69922.1	 0.969342   0.000902981	      251.337
  5.82139e-08	4.82218e-10	  3.16959	202.555	       9.2853	    68943.4	 0.957331   0.000882713	      250.928
  2.31741e-08	4.74285e-12	  3.24624	198.336	       6.0717	    68398.8	 0.954768   0.000718332	      249.614
  1.15898e-08	3.12166e-11	  3.53952	179.062	      7.99885	    69649.9	 0.979377   0.000662393	      247.793
  2.31961e-08	8.27842e-12	  3.90156	218.969	      7.42714	    70269.3	 0.973861   0.000874854	      251.413
  1.15788e-08	5.03604e-11	  3.00699	185.183	      5.45617	    69749.1	  0.97708   0.000684204	      248.729
	    0	4.74285e-12	  4.87919	126.819	      10.4102	      69873	  1.02181   0.000255702	      238.264
	    0	1.76434e-10	  5.92351	118.253	      2.95246	    71527.3	  1.03174    0.00024683	      241.557
  1.16063e-08	2.14204e-10	  3.51181	212.438	      10.2075	    71795.4	  1.00142   0.000675975	      249.805
  5.87161e-08	1.76089e-10	  4.16764	196.409	      11.0949	    70581.3	 0.976019   0.000865994	       251.97
	    0	8.79582e-12	  1.84122	157.751	      6.76636	    69948.7	 0.999042   0.000455606	      243.957
  2.32017e-08	6.55375e-11	  2.49217	173.844	      5.50478	    69069.5	 0.980613   0.000467772	      245.418
  5.84843e-08	2.97506e-11	   1.7669	181.218	       10.783	    69453.5	 0.983701   0.000486132	      246.008
  1.17007e-07	1.35732e-10	   2.1246	218.652	      12.4352	    69060.5	 0.962048    0.00078037	      250.122
   1.4091e-07	 1.6462e-10	  1.97351	222.957	      12.3605	    68333.2	 0.941163   0.000971582	      252.979
  1.16008e-08	9.48569e-13	  2.51366	163.712	      3.92979	    68460.9	 0.971722   0.000477167	      245.482
  1.77125e-07	1.68328e-10	  1.33065	208.056	      11.8285	    68088.4	 0.962652   0.000514679	      246.446
	    0		  0	  2.35325	 131.29	      8.57818	    67963.6	 0.990528   0.000286686	      239.071
	    0	 1.5522e-12	  1.67492	127.385	      10.3939	    68610.3	  1.01456   0.000211499	       235.63
  1.16008e-08	1.64879e-10	  3.02216	137.905	      5.33111	    69743.9	  1.01295   0.000332123	      239.904
  5.83629e-08	2.32831e-12	  1.43463	200.366	      11.4267	    69647.8	  0.99855   0.000378219	      243.027
   5.8247e-08	4.58763e-11	   1.6752	199.549	      8.77931	    68842.8	 0.985741   0.000368862	       243.34
  1.15953e-08	2.67324e-12	  1.73864	195.053	      3.26777	      67078	 0.959643   0.000385205	       243.55
  1.15788e-08		  0	  2.22587	155.674	      9.34746	    66028.7	 0.960236   0.000263182	      239.592
	    0	3.04405e-11	  3.29467	97.1733	      7.75824	    66654.5	 0.990046   0.000196483	      234.581
	    0	 3.3976e-11	  3.28484	96.7797	      1.75338	    66418.7	 0.976581   0.000256511	      236.974
	    0	1.72467e-13	  3.57466	100.255	      2.77946	    67076.6	 0.976171   0.000266019	      239.422
	    0	1.24176e-11	   1.3407	124.735	      9.22246	    66834.2	  1.00328   0.000162262	       232.11
  1.15788e-08		  0	  1.53937	124.857	      11.4088	    65845.2	 0.999482   0.000108559	      229.545
  1.15843e-08		  0	   1.7107	144.691	      8.88799	    65958.1	 0.976385   0.000213879	      235.378
	    0	1.59618e-10	  3.35881	123.085	      5.95689	    67219.1	 0.974998   0.000354576	      240.219
	    0	7.32985e-12	  3.94045	102.228	       2.4824	    67636.3	 0.963174    0.00045507	      244.677
	    0	2.67152e-10	  3.90578	103.239	      6.45047	    67440.5	  0.98586   0.000243454	      238.355
