      256.148	   0.838434	  1.90634   3.52976e-08	  8.57212e-12	3.53061e-08
       256.13	   0.838224	  1.91649   3.56849e-08	  8.57212e-12	3.56935e-08
      256.091	   0.837981	  1.92657   3.56699e-08	  8.57212e-12	3.56785e-08
      256.018	   0.837904	   1.9365   3.54219e-08	  8.57212e-12	3.54305e-08
      256.036	   0.837647	  1.94644   3.55626e-08	  8.57212e-12	3.55711e-08
      256.093	   0.837341	  1.95661   3.62289e-08	  8.57212e-12	3.62375e-08
      256.162	   0.837103	  1.96696   3.66828e-08		    0	3.66828e-08
      256.255	   0.836851	  1.97743   3.69235e-08		    0	3.69235e-08
      256.371	   0.836646	  1.98829   3.77449e-08		    0	3.77449e-08
      256.443	    0.83662	  1.99921    3.8017e-08		    0	 3.8017e-08
      256.488	   0.836495	  2.00993   3.78055e-08		    0	3.78055e-08
      256.506	   0.836475	  2.02053    3.7843e-08		    0	 3.7843e-08
       256.53	   0.836469	   2.0311   3.77148e-08		    0	3.77148e-08
      256.538	   0.836565	  2.04177   3.80683e-08		    0	3.80683e-08
       256.47	   0.836669	  2.05439   3.73691e-08		    0	3.73691e-08
      256.491	    0.83637	  2.06535   3.80112e-08		    0	3.80112e-08
      256.543	   0.836159	  2.07672   3.88809e-08		    0	3.88809e-08
      256.579	   0.836011	  2.08821   3.91919e-08		    0	3.91919e-08
      256.531	   0.835982	  2.09944   3.88535e-08		    0	3.88535e-08
      256.429	    0.83596	  2.11054   3.88354e-08		    0	3.88354e-08
      256.349	   0.835915	  2.12136   3.83757e-08		    0	3.83757e-08
      256.312	   0.835747	  2.13178   3.77065e-08		    0	3.77065e-08
      256.302	   0.835593	  2.14196   3.73405e-08		    0	3.73405e-08
      256.336	   0.835594	  2.15215   3.74376e-08		    0	3.74376e-08
      256.369	   0.835576	  2.16218   3.73078e-08		    0	3.73078e-08
      256.374	   0.835507	  2.17177   3.66752e-08		    0	3.66752e-08
       256.39	   0.835459	  2.18131   3.64958e-08		    0	3.64958e-08
      256.401	   0.835381	  2.19044   3.57943e-08		    0	3.57943e-08
      256.426	    0.83526	  2.19934   3.52555e-08		    0	3.52555e-08
      256.459	   0.835262	  2.20827   3.51966e-08		    0	3.51966e-08
      256.523	   0.835167	  2.21741   3.55165e-08		    0	3.55165e-08
      256.633	   0.835099	   2.2269   3.60987e-08		    0	3.60987e-08
      256.743	   0.835016	  2.23663   3.66592e-08		    0	3.66592e-08
       256.84	   0.834872	  2.24645   3.69113e-08		    0	3.69113e-08
       256.87	   0.834909	  2.25636   3.71399e-08		    0	3.71399e-08
      256.872	   0.834763	  2.26618   3.68417e-08		    0	3.68417e-08
      256.849	   0.834658	  2.27574   3.62927e-08		    0	3.62927e-08
      256.784	   0.834651	  2.28514   3.59005e-08		    0	3.59005e-08
      256.726	   0.834406	  2.29454   3.61714e-08		    0	3.61714e-08
      256.702	   0.834045	  2.30402    3.6306e-08		    0	 3.6306e-08
      256.707	   0.833668	  2.31355   3.63338e-08		    0	3.63338e-08
      256.693	    0.83335	  2.32296     3.607e-08		    0	  3.607e-08
      256.671	   0.832997	  2.33226   3.59061e-08		    0	3.59061e-08
      256.704	   0.832645	  2.34168    3.5982e-08		    0	 3.5982e-08
      256.746	   0.832192	  2.35119   3.61978e-08		    0	3.61978e-08
       256.74	    0.83195	  2.36057   3.57447e-08		    0	3.57447e-08
      256.713	   0.831684	  2.36966   3.52091e-08		    0	3.52091e-08
      256.687	   0.831321	  2.37857   3.48751e-08		    0	3.48751e-08
      256.718	   0.830874	  2.38745   3.46436e-08		    0	3.46436e-08
      256.773	    0.83043	  2.39637   3.45945e-08		    0	3.45945e-08
      256.804	   0.830054	  2.40539    3.4659e-08		    0	 3.4659e-08
      256.788	   0.829714	  2.41441   3.46592e-08		    0	3.46592e-08
      256.787	   0.829461	  2.42346   3.44689e-08		    0	3.44689e-08
      256.801	    0.82912	  2.43278   3.49427e-08	  2.03135e-13	3.49429e-08
      256.831	   0.828783	  2.44224    3.4906e-08	  3.01799e-13	3.49063e-08
      256.864	   0.828382	  2.45202   3.54178e-08	  3.01799e-13	3.54181e-08
      256.877	   0.827865	   2.4616   3.51098e-08	  3.01799e-13	3.51101e-08
      256.922	   0.827408	  2.47147   3.54374e-08	  3.01799e-13	3.54377e-08
       256.96	   0.827005	  2.48175   3.54791e-08	  3.01799e-13	3.54794e-08
      257.026	   0.826394	  2.49734   3.63918e-08	  3.01799e-13	3.63921e-08
      257.045	   0.825947	  2.50774    3.5601e-08	  3.01799e-13	3.56013e-08
      257.079	   0.825458	  2.51806   3.54482e-08	  3.01799e-13	3.54485e-08
      257.101	   0.825111	  2.52835   3.53321e-08	  3.01799e-13	3.53324e-08
      257.129	   0.824779	  2.53876   3.52634e-08	  3.01799e-13	3.52637e-08
      257.154	   0.824306	  2.54907   3.49803e-08	  3.01799e-13	3.49806e-08
      257.191	   0.824065	  2.55978   3.54847e-08	  1.69119e-12	3.54864e-08
      257.232	   0.823743	  2.57061   3.57065e-08	  8.25148e-12	3.57147e-08
      257.288	   0.823386	  2.58131   3.54514e-08	  8.25148e-12	3.54596e-08
      257.324	   0.823005	  2.59181   3.49122e-08	  8.73667e-12	3.49209e-08
      257.326	   0.822644	  2.60208   3.43813e-08	  8.73667e-12	  3.439e-08
       257.33	   0.822218	  2.61219   3.39936e-08	  9.26421e-12	3.40029e-08
      257.404	   0.821672	  2.62238   3.40471e-08	  9.27607e-12	3.40564e-08
       257.49	   0.821256	  2.63272   3.39785e-08	  9.27607e-12	3.39878e-08
      257.555	     0.8208	  2.64306   3.39882e-08	  1.06235e-11	3.39988e-08
      257.593	   0.820449	  2.65322   3.35201e-08	  1.16496e-11	3.35317e-08
      257.648	   0.820169	  2.66301   3.27148e-08	  1.26061e-11	3.27274e-08
      257.759	   0.819749	  2.67245   3.21138e-08	  3.27038e-11	3.21465e-08
      257.908	   0.819324	  2.68186   3.21102e-08	  8.23817e-11	3.21926e-08
      258.052	   0.818911	  2.69107   3.16803e-08	  1.38279e-10	3.18186e-08
      258.203	   0.818514	  2.70045   3.19836e-08	  1.55622e-10	3.21392e-08
      258.349	   0.818327	  2.70989   3.18529e-08	  1.64146e-10	3.20171e-08
      258.502	   0.818121	  2.71929   3.17801e-08	  1.86571e-10	3.19666e-08
      258.639	   0.817902	  2.72866   3.17457e-08	  2.24301e-10	  3.197e-08
      258.744	   0.817684	  2.73813   3.13365e-08	  2.67899e-10	3.16044e-08
      258.822	   0.817367	  2.74731    3.0651e-08	  2.93446e-10	3.09445e-08
      258.928	   0.817134	   2.7562   3.00559e-08	  3.28737e-10	3.03847e-08
      259.075	   0.816993	  2.76499   2.97637e-08	   3.8707e-10	3.01507e-08
      259.223	    0.81696	   2.7733   2.94743e-08	  4.38567e-10	2.99129e-08
      259.345	   0.816886	  2.78125   2.87412e-08	  4.48457e-10	2.91897e-08
      259.488	   0.816994	  2.78898   2.82957e-08	  4.64217e-10	  2.876e-08
      259.635	   0.816857	  2.79668    2.8285e-08	  5.06718e-10	2.87917e-08
      259.757	    0.81675	  2.80421   2.79181e-08	  5.81228e-10	2.84993e-08
      259.911	   0.816479	  2.81168   2.77709e-08	   6.9911e-10	  2.847e-08
      260.067	   0.816025	  2.81902   2.78078e-08	  8.29918e-10	2.86377e-08
      260.264	   0.815752	  2.82626   2.78348e-08	  9.53353e-10	2.87881e-08
      260.417	   0.815418	  2.83304   2.72033e-08	  1.05074e-09	2.82541e-08
      260.601	   0.815154	   2.8396   2.67352e-08	  1.17869e-09	2.79139e-08
       260.81	   0.815044	  2.84614   2.67491e-08	  1.31759e-09	2.80667e-08
      261.045	   0.814979	  2.85254   2.66486e-08	   1.5533e-09	2.82019e-08
      261.286	   0.814826	  2.85891   2.67445e-08	  1.86133e-09	2.86058e-08
       261.52	   0.814588	  2.86506   2.65733e-08	  2.17909e-09	2.87524e-08
      261.723	   0.814373	  2.87105   2.63758e-08	  2.37005e-09	2.87459e-08
      261.918	   0.814059	  2.87687   2.66028e-08	  2.58334e-09	2.91861e-08
       262.12	   0.813712	   2.8827   2.68004e-08	  2.93233e-09	2.97327e-08
      262.329	   0.813459	  2.88834   2.67743e-08	  3.30133e-09	3.00756e-08
      262.529	   0.812978	  2.89365   2.66681e-08	  3.81383e-09	3.04819e-08
      262.723	   0.812672	  2.89888   2.68864e-08	  4.21466e-09	3.11011e-08
      262.915	   0.812549	  2.90413   2.72189e-08	   4.6007e-09	3.18196e-08
      263.121	   0.812232	  2.90946   2.78407e-08	  5.14397e-09	3.29847e-08
      263.312	   0.812173	  2.91449   2.78938e-08	  5.67538e-09	3.35692e-08
      263.504	   0.811727	  2.91912   2.77723e-08	  6.30488e-09	3.40772e-08
      263.677	   0.811049	  2.92323   2.74406e-08	  7.06193e-09	3.45025e-08
      263.858	   0.810395	  2.92693   2.74627e-08	  7.85055e-09	3.53132e-08
      264.042	   0.809897	  2.92997   2.74998e-08	  8.56037e-09	3.60601e-08
      264.235	   0.809296	  2.93253   2.75613e-08	  9.36746e-09	3.69288e-08
       264.44	   0.808504	  2.93471   2.77999e-08	  1.02979e-08	3.80978e-08
      264.656	   0.807843	  2.93617     2.771e-08	  1.14309e-08	3.91409e-08
      264.863	   0.806767	  2.93668   2.73695e-08	  1.27869e-08	4.01564e-08
      265.091	   0.805749	  2.93669   2.78832e-08	  1.41421e-08	4.20252e-08
      265.294	   0.804467	  2.93583   2.77364e-08	  1.55466e-08	 4.3283e-08
      265.497	   0.803117	  2.93377   2.73682e-08	  1.73321e-08	4.47002e-08
       265.69	   0.801696	  2.93029   2.64244e-08	  1.89591e-08	4.53835e-08
       265.87	   0.800582	  2.92572   2.59131e-08	  2.04752e-08	4.63884e-08
      266.051	   0.799676	  2.92029   2.58159e-08	  2.19374e-08	4.77533e-08
      266.216	   0.798712	  2.91446   2.64094e-08	  2.33089e-08	4.97183e-08
      266.418	    0.79767	  2.90764   2.62292e-08	   2.4931e-08	5.11602e-08
      266.588	   0.796623	  2.89999   2.63319e-08	  2.65296e-08	5.28616e-08
      266.753	   0.795083	  2.89142   2.63166e-08	  2.83384e-08	5.46551e-08
      266.893	    0.79362	  2.88189   2.61116e-08	  3.01196e-08	5.62312e-08
      267.055	   0.792365	  2.87164   2.62742e-08	  3.16908e-08	 5.7965e-08
      267.238	   0.791021	  2.86048   2.62116e-08	  3.36657e-08	5.98773e-08
      267.437	    0.78959	  2.84821   2.59265e-08	  3.58779e-08	6.18044e-08
      267.627	   0.788185	  2.83465   2.53594e-08	  3.83089e-08	6.36684e-08
      267.808	   0.786817	  2.81969   2.46293e-08	  4.06491e-08	6.52785e-08
      267.985	   0.785368	  2.80353   2.43333e-08	  4.30897e-08	 6.7423e-08
      268.156	    0.78411	  2.78626   2.38342e-08	  4.54421e-08	6.92763e-08
       268.32	   0.782746	  2.76792   2.34558e-08	  4.80799e-08	7.15356e-08
      268.465	   0.780948	  2.74833   2.29964e-08	   5.0889e-08	7.38854e-08
      268.615	   0.779317	  2.72753   2.23407e-08	   5.3612e-08	7.59528e-08
      268.768	   0.777325	  2.70502   2.12127e-08	  5.65155e-08	7.77282e-08
      268.935	   0.775804	  2.68143   2.04056e-08	  5.95006e-08	7.99062e-08
      269.106	   0.774518	  2.65684    1.9475e-08	  6.22685e-08	8.17435e-08
      269.255	   0.772708	  2.63138   1.79022e-08	  6.53963e-08	8.32986e-08
      269.403	   0.770736	  2.60475   1.63073e-08	  6.85905e-08	8.48977e-08
      269.566	   0.768734	  2.57703   1.44035e-08	  7.20871e-08	8.64906e-08
      269.717	   0.766705	  2.54829   1.18331e-08	  7.55879e-08	 8.7421e-08
      269.839	   0.764465	  2.51884   8.92287e-09	  7.89084e-08	8.78313e-08
      269.954	    0.76305	  2.48929   6.51764e-09	  8.14972e-08	8.80148e-08
      270.062	   0.761643	  2.45869   3.26674e-09	  8.42055e-08	8.74723e-08
      270.186	   0.760245	  2.42786    3.8778e-10	  8.69755e-08	8.73633e-08
      270.292	   0.759121	  2.39708  -2.29468e-09	  8.93773e-08	8.70826e-08
	270.4	   0.758151	  2.36696  -4.76627e-09	  9.17586e-08	8.69923e-08
      270.506	   0.756995	  2.33698  -7.32191e-09	  9.41173e-08	8.67954e-08
      270.606	   0.755568	  2.30667  -1.07595e-08	  9.69401e-08	8.61807e-08
      270.707	   0.753871	   2.2756  -1.50327e-08	  1.00211e-07	8.51786e-08
      270.808	   0.752265	   2.2445  -1.84618e-08	  1.03205e-07	8.47433e-08
      270.902	   0.750506	  2.21318   -2.2361e-08	  1.06201e-07	8.38404e-08
      270.986	   0.749097	   2.1816  -2.66022e-08	  1.09242e-07	8.26399e-08
      271.074	   0.747411	  2.14992  -3.08208e-08	  1.12329e-07	8.15077e-08
      271.154	   0.745692	  2.11801  -3.51124e-08	  1.15471e-07	8.03589e-08
      271.223	   0.744136	  2.08604  -3.93531e-08	  1.18484e-07	7.91305e-08
      271.283	   0.742867	   2.0542  -4.36731e-08	  1.21077e-07	7.74039e-08
      271.347	   0.741804	  2.02224  -4.76586e-08	  1.23694e-07	7.60356e-08
      271.407	   0.740547	  1.99048  -5.20237e-08	  1.26418e-07	7.43939e-08
      271.464	   0.739108	  1.95906  -5.66096e-08	  1.29026e-07	7.24169e-08
       271.53	   0.737549	  1.92789  -6.09349e-08	  1.32008e-07	7.10733e-08
      271.595	   0.736015	  1.89692  -6.55851e-08	  1.34982e-07	6.93973e-08
      271.661	   0.734756	  1.86616   -7.1006e-08	  1.37897e-07	 6.6891e-08
      271.716	   0.733621	  1.83547  -7.67541e-08	  1.40666e-07	6.39123e-08
      271.764	   0.732558	  1.80542  -8.21189e-08	  1.43104e-07	6.09847e-08
      271.797	   0.730834	  1.77538  -8.75461e-08	   1.4568e-07	5.81337e-08
      271.835	   0.729192	   1.7455  -9.27343e-08	   1.4851e-07	5.57752e-08
      271.873	   0.727811	  1.71542  -9.82682e-08	  1.51384e-07	5.31155e-08
      271.915	   0.726447	  1.68551  -1.03768e-07	  1.53911e-07	5.01429e-08
      271.948	   0.725084	  1.65584  -1.08582e-07	  1.55904e-07	4.73227e-08
       271.97	   0.723893	  1.62638  -1.12766e-07	  1.57763e-07	4.49969e-08
      272.001	   0.722867	  1.59685  -1.16747e-07	  1.59871e-07	4.31246e-08
      272.039	   0.721355	  1.56697  -1.21069e-07	  1.62975e-07	4.19064e-08
      272.064	   0.719556	  1.53742  -1.25106e-07	  1.65748e-07	4.06418e-08
      272.095	   0.717615	  1.50778  -1.28984e-07	  1.68319e-07	3.93349e-08
      272.129	     0.7155	  1.47811  -1.33192e-07	  1.71221e-07	3.80294e-08
      272.164	   0.713111	  1.44787  -1.37159e-07	  1.74569e-07	3.74101e-08
      272.195	    0.71059	  1.41734   -1.4184e-07	  1.77829e-07	3.59887e-08
      272.222	   0.708144	  1.38693  -1.46223e-07	  1.80595e-07	3.43719e-08
      272.245	   0.705903	  1.35683   -1.5007e-07	   1.8333e-07	3.32604e-08
      272.271	   0.703275	  1.32703    -1.538e-07	  1.85907e-07	3.21068e-08
      272.297	   0.700583	  1.29743   -1.5736e-07	  1.88815e-07	3.14552e-08
      272.326	    0.69794	  1.26797  -1.60777e-07	  1.91432e-07	3.06544e-08
      272.349	   0.695179	  1.23878  -1.63975e-07	  1.93839e-07	2.98646e-08
      272.367	   0.692393	  1.20985  -1.67198e-07	  1.96065e-07	2.88668e-08
      272.382	   0.689771	  1.18129  -1.70385e-07	  1.97669e-07	2.72839e-08
	272.4	   0.686897	  1.15296  -1.73188e-07	  1.99437e-07	2.62481e-08
       272.41	    0.68376	  1.12532  -1.76063e-07	  2.00987e-07	2.49233e-08
       272.42	   0.681094	   1.0981  -1.78014e-07	  2.02111e-07	2.40966e-08
      272.428	   0.678369	  1.07105  -1.80249e-07	  2.03695e-07	2.34455e-08
      272.427	   0.675652	  1.04444  -1.82331e-07	  2.04659e-07	2.23273e-08
       272.43	   0.672802	  1.01821  -1.84193e-07	  2.05665e-07	2.14723e-08
       272.43	   0.669713	 0.992459  -1.85669e-07	  2.06582e-07	2.09125e-08
       272.43	   0.666603	 0.967003  -1.86514e-07	  2.07508e-07	2.09944e-08
      272.434	   0.663336	 0.942362  -1.87343e-07	  2.08589e-07	2.12461e-08
      272.435	   0.659984	 0.918301  -1.88518e-07	  2.09721e-07	 2.1203e-08
      272.431	   0.656633	 0.894906  -1.89701e-07	  2.10533e-07	2.08319e-08
      272.421	    0.65353	 0.872448  -1.90016e-07	  2.10717e-07	2.07008e-08
      272.413	   0.650528	 0.850715  -1.89994e-07	  2.10794e-07	2.08001e-08
      272.406	   0.647482	 0.829558  -1.90206e-07	  2.11217e-07	 2.1011e-08
      272.402	   0.644267	 0.809061  -1.90504e-07	  2.11498e-07	2.09942e-08
      272.391	   0.640812	 0.789206  -1.90244e-07	  2.11016e-07	2.07714e-08
      272.373	   0.637198	 0.769892  -1.90038e-07	  2.10497e-07	2.04588e-08
       272.36	   0.633875	 0.751331  -1.89995e-07	    2.101e-07	2.01056e-08
      272.341	   0.631073	  0.73361  -1.89603e-07	  2.09872e-07	2.02688e-08
       272.32	   0.628581	 0.716198  -1.88794e-07	  2.08624e-07	  1.983e-08
      272.294	   0.625887	 0.699645  -1.87968e-07	  2.07078e-07	1.91101e-08
      272.263	    0.62332	 0.684115  -1.86841e-07	  2.05321e-07	1.84802e-08
      272.234	   0.620744	 0.669128  -1.84927e-07	  2.03215e-07	 1.8288e-08
      272.203	   0.618257	 0.654827  -1.82565e-07	  2.00787e-07	1.82227e-08
      272.169	   0.615966	 0.640918  -1.79786e-07	  1.98401e-07	1.86154e-08
      272.146	   0.614397	 0.627579  -1.76725e-07	  1.95587e-07	1.88625e-08
      272.111	   0.612684	 0.614939   -1.7394e-07	  1.92548e-07	1.86083e-08
       272.07	   0.611262	 0.602994  -1.71141e-07	  1.89545e-07	1.84037e-08
      272.025	   0.609949	 0.591605  -1.67948e-07	  1.86262e-07	1.83145e-08
      271.988	   0.609071	 0.580849   -1.6401e-07	  1.83127e-07	1.91175e-08
      271.947	   0.608549	 0.570886  -1.59739e-07	   1.7993e-07	2.01912e-08
      271.899	   0.607799	 0.561306  -1.56011e-07	  1.76515e-07	2.05042e-08
      271.843	   0.606828	 0.552211  -1.52161e-07	  1.73089e-07	2.09282e-08
      271.788	   0.606085	 0.543705  -1.48308e-07	  1.69043e-07	2.07348e-08
      271.729	   0.605881	 0.535853  -1.43699e-07	  1.64649e-07	2.09502e-08
      271.664	   0.606087	 0.528846  -1.39111e-07	  1.60012e-07	2.09009e-08
      271.606	   0.606784	 0.522367  -1.33824e-07	   1.5527e-07	 2.1446e-08
      271.538	   0.607179	 0.516583  -1.29184e-07	  1.50662e-07	2.14781e-08
      271.455	    0.60746	 0.511011  -1.24377e-07	   1.4601e-07	2.16334e-08
       271.37	   0.608624	 0.506214  -1.18657e-07	   1.4062e-07	2.19633e-08
      271.284	   0.610206	 0.502081  -1.12513e-07	  1.35186e-07	2.26735e-08
      271.201	   0.611736	   0.4981    -1.072e-07	  1.30027e-07	2.28267e-08
      271.108	   0.613288	 0.494583  -1.02011e-07	  1.25051e-07	2.30403e-08
      271.006	   0.615428	 0.491749  -9.64291e-08	  1.19727e-07	2.32975e-08
      270.897	   0.618137	 0.489438  -9.06113e-08	   1.1413e-07	2.35187e-08
      270.779	    0.62107	 0.487835  -8.49009e-08	  1.08949e-07	2.40478e-08
       270.67	   0.623986	 0.486879  -7.91855e-08	  1.03391e-07	2.42053e-08
      270.559	   0.626821	 0.486305  -7.30553e-08	  9.79699e-08	2.49146e-08
      270.446	    0.62936	 0.486214   -6.6883e-08	  9.23387e-08	2.54556e-08
      270.347	   0.631878	 0.486952   -6.0983e-08	  8.73854e-08	2.64023e-08
      270.256	   0.635102	 0.488119  -5.50776e-08	  8.23926e-08	 2.7315e-08
      270.164	   0.638709	 0.489338  -4.96181e-08	  7.75744e-08	2.79563e-08
      270.051	    0.64309	 0.491354  -4.41888e-08	  7.29372e-08	2.87484e-08
      269.922	   0.647681	 0.494044  -3.86098e-08	  6.81832e-08	2.95734e-08
      269.784	   0.652588	 0.497301   -3.3921e-08	  6.35706e-08	2.96496e-08
      269.643	   0.657385	 0.501152  -2.92503e-08	  5.90428e-08	2.97925e-08
      269.473	   0.662378	 0.505506  -2.42043e-08	  5.46375e-08	3.04332e-08
      269.283	    0.66768	 0.510278  -1.92791e-08	  5.02781e-08	 3.0999e-08
      269.104	   0.673436	 0.515726  -1.47214e-08	  4.64685e-08	3.17471e-08
      268.899	   0.678558	 0.521462  -1.11288e-08	  4.27936e-08	3.16648e-08
      268.689	    0.68359	 0.527489  -7.97619e-09	  3.93055e-08	3.13293e-08
      268.507	   0.689042	 0.534329  -3.89358e-09	  3.59676e-08	 3.2074e-08
      268.345	   0.694763	 0.541674  -8.03818e-10	  3.29509e-08	3.21471e-08
      268.189	   0.700553	  0.54946   2.52928e-09	  3.01136e-08	3.26429e-08
      268.048	   0.705928	 0.557692   5.29132e-09	  2.77752e-08	3.30666e-08
      267.882	   0.711398	 0.566378    8.2911e-09	  2.54083e-08	3.36994e-08
      267.708	   0.716716	 0.575456   1.04319e-08	  2.32522e-08	3.36841e-08
      267.528	   0.722275	 0.585048    1.3011e-08	  2.09468e-08	3.39578e-08
      267.377	   0.728209	 0.595503    1.5987e-08	  1.86619e-08	3.46489e-08
      267.223	   0.733781	 0.606198   1.79349e-08	  1.67412e-08	3.46762e-08
       267.03	   0.738899	 0.617138   1.94722e-08	  1.50052e-08	3.44774e-08
      266.823	   0.744448	 0.628722   2.16959e-08	  1.31572e-08	3.48531e-08
      266.623	   0.749865	 0.640693   2.35748e-08	  1.15886e-08	3.51633e-08
      266.408	   0.755023	 0.652667   2.46466e-08	   1.0174e-08	3.48206e-08
      266.204	   0.759803	 0.665002   2.60458e-08	  9.17351e-09	3.52193e-08
      266.021	   0.764648	 0.677672   2.72662e-08	  8.22825e-09	3.54944e-08
      265.842	   0.769619	 0.690591   2.83279e-08	  7.24891e-09	3.55768e-08
      265.651	   0.774717	 0.703961   2.92853e-08	  6.22859e-09	3.55139e-08
      265.465	   0.779999	 0.717571   3.00364e-08	   5.3325e-09	3.53689e-08
      265.287	   0.785391	 0.731659   3.10072e-08	  4.40523e-09	3.54124e-08
      265.075	   0.790511	 0.746082   3.19182e-08	  3.52131e-09	3.54395e-08
      264.852	   0.795205	 0.760675   3.27442e-08	  2.86047e-09	3.56047e-08
      264.639	   0.799362	 0.775178   3.30941e-08	  2.42287e-09	 3.5517e-08
      264.461	   0.803324	 0.789307   3.23912e-08	  2.10315e-09	3.44943e-08
      264.295	   0.807039	 0.803595   3.26508e-08	  1.81019e-09	 3.4461e-08
      264.101	   0.810462	 0.817753   3.22953e-08	  1.51523e-09	3.38105e-08
      263.971	   0.813646	  0.83207   3.25548e-08	   1.3752e-09	  3.393e-08
      263.864	   0.816639	 0.846653   3.30329e-08	  1.22613e-09	 3.4259e-08
      263.749	   0.819118	 0.861212   3.31854e-08	   1.0724e-09	3.42578e-08
      263.633	    0.82171	 0.875998   3.36285e-08	  9.76039e-10	3.46046e-08
      263.514	    0.82413	 0.890805   3.38248e-08	  9.26488e-10	3.47512e-08
      263.354	   0.826259	 0.905312   3.34818e-08	   8.6757e-10	3.43493e-08
      263.175	   0.828196	  0.91986   3.35053e-08	  7.73068e-10	3.42783e-08
      263.007	   0.829845	 0.934329   3.34284e-08	  6.52892e-10	3.40813e-08
      262.834	   0.831638	 0.948802   3.35792e-08	  5.73105e-10	3.41523e-08
      262.676	   0.833197	 0.963132    3.3456e-08	  5.38121e-10	3.39941e-08
      262.493	   0.834682	 0.977411   3.33751e-08	  3.59352e-10	3.37344e-08
      262.291	   0.836259	 0.991603   3.31896e-08	  2.55306e-10	3.34449e-08
      262.064	   0.837763	  1.00519   3.23299e-08	  2.21684e-10	3.25515e-08
      261.884	   0.838969	  1.01903   3.26483e-08	  2.01607e-10	3.28499e-08
      261.723	     0.8404	   1.0327   3.23799e-08	  1.81633e-10	3.25615e-08
      261.589	   0.841244	  1.04626     3.236e-08	  1.77376e-10	3.25374e-08
      261.488	   0.842055	  1.06004   3.29763e-08	  1.69111e-10	3.31454e-08
      261.427	   0.842918	  1.07438    3.4018e-08	  1.62672e-10	3.41806e-08
      261.363	   0.843794	  1.08901   3.45862e-08	   1.5387e-10	3.47401e-08
      261.285	   0.844523	  1.10349   3.43948e-08	  1.42165e-10	 3.4537e-08
      261.176	    0.84528	  1.11789   3.43748e-08	  9.76653e-11	3.44725e-08
      261.077	   0.845948	  1.13226   3.44836e-08	  8.97193e-11	3.45733e-08
      260.948	   0.846453	  1.14651   3.42967e-08	   8.4723e-11	3.43814e-08
      260.828	   0.846545	  1.16039   3.40553e-08	  8.84835e-11	3.41438e-08
      260.717	   0.846573	   1.1741   3.38927e-08	  8.06071e-11	3.39733e-08
      260.582	   0.846633	  1.18767   3.37832e-08	  6.45311e-11	3.38477e-08
      260.441	   0.846678	  1.20099   3.35484e-08	  6.33634e-11	3.36118e-08
      260.295	   0.846607	  1.21406   3.33727e-08	  6.33374e-11	 3.3436e-08
      260.164	   0.846587	  1.22716   3.35901e-08	  6.33183e-11	3.36535e-08
      260.077	   0.846616	  1.24055   3.43115e-08	  6.25409e-11	3.43741e-08
      259.969	   0.846661	  1.25388   3.42939e-08	   4.2045e-11	3.43359e-08
       259.84	   0.846835	  1.26692   3.38427e-08	   4.2045e-11	3.38848e-08
      259.733	   0.846742	  1.27976   3.36759e-08	  4.11346e-11	 3.3717e-08
      259.645	   0.846648	  1.29249   3.36831e-08	  3.79894e-11	3.37211e-08
      259.558	   0.846744	  1.30509   3.35902e-08	   8.0867e-12	3.35983e-08
      259.499	   0.846843	  1.31789    3.3945e-08	   8.0867e-12	3.39531e-08
      259.432	   0.846797	  1.33057   3.38702e-08	   8.0867e-12	3.38783e-08
      259.338	   0.846901	  1.34331   3.41862e-08	   8.0867e-12	3.41943e-08
      259.221	   0.846759	  1.35573    3.3971e-08	  9.58849e-12	3.39806e-08
      259.105	   0.846479	  1.36817   3.42502e-08	  9.66592e-12	3.42599e-08
      259.026	   0.846244	  1.38096   3.50494e-08	  9.66592e-12	 3.5059e-08
      258.975	    0.84596	  1.39394    3.5448e-08	  9.66592e-12	3.54576e-08
       258.93	   0.845856	  1.40726   3.62951e-08	  9.66592e-12	3.63047e-08
      258.868	   0.845802	  1.42012   3.58106e-08	  9.66592e-12	3.58203e-08
       258.84	   0.845534	  1.43298   3.60118e-08	  9.66592e-12	3.60215e-08
      258.798	   0.845227	  1.44559   3.58696e-08	  9.66592e-12	3.58793e-08
       258.71	    0.84496	  1.45786   3.55074e-08	  9.66592e-12	 3.5517e-08
      258.615	   0.844537	  1.46975    3.5268e-08	  9.66592e-12	3.52777e-08
      258.519	   0.844159	  1.48137   3.49976e-08	  9.66592e-12	3.50073e-08
      258.436	   0.843772	  1.49299   3.52758e-08	  9.66592e-12	3.52855e-08
      258.345	   0.843409	  1.50465   3.54719e-08	  9.66592e-12	3.54816e-08
      258.274	   0.842898	  1.51614   3.53875e-08	  9.66592e-12	3.53972e-08
      258.228	   0.842491	  1.52766   3.57455e-08	  9.66592e-12	3.57552e-08
       258.14	    0.84226	  1.53911   3.56359e-08	  1.62384e-12	3.56375e-08
      258.097	   0.841919	   1.5508   3.62436e-08	  1.62384e-12	3.62452e-08
      258.079	   0.841796	  1.56276   3.70471e-08	  1.62384e-12	3.70487e-08
      258.063	   0.841618	  1.57491   3.76935e-08	  1.62384e-12	3.76951e-08
      258.013	   0.841259	  1.58731   3.83869e-08	  1.62384e-12	3.83885e-08
      257.914	   0.841223	  1.59938   3.79616e-08	  1.62384e-12	3.79633e-08
      257.799	   0.841029	   1.6112   3.75463e-08	  1.62384e-12	3.75479e-08
       257.69	   0.840887	  1.62276   3.71386e-08	  1.57922e-12	3.71402e-08
      257.631	   0.840564	   1.6343     3.724e-08	  1.57922e-12	3.72416e-08
      257.525	   0.840442	  1.64587   3.72844e-08	  1.57922e-12	 3.7286e-08
      257.394	   0.840497	  1.65713   3.67784e-08	  1.57922e-12	  3.678e-08
      257.264	   0.840216	  1.66825   3.66631e-08	   9.9926e-12	3.66731e-08
      257.144	   0.840002	  1.67905   3.63437e-08	   9.9926e-12	3.63537e-08
      257.011	   0.839992	  1.68953   3.57555e-08	   9.9926e-12	3.57655e-08
      256.915	   0.839881	  1.69983   3.53728e-08	   9.9926e-12	3.53828e-08
      256.869	   0.839866	  1.71037    3.5756e-08	  8.49081e-12	3.57645e-08
      256.841	   0.839868	  1.72086     3.552e-08	  8.41338e-12	3.55284e-08
      256.775	   0.839809	  1.73076   3.45943e-08	  8.41338e-12	3.46027e-08
      256.723	   0.839494	  1.74028   3.40869e-08	  8.41338e-12	3.40953e-08
      256.713	   0.839141	  1.74951   3.36737e-08	  8.41338e-12	3.36821e-08
      256.769	   0.839104	   1.7644   3.38975e-08	  8.57212e-12	3.39061e-08
       256.68	   0.838936	  1.77326    3.3517e-08	  8.57212e-12	3.35256e-08
      256.578	   0.838976	  1.78217   3.34118e-08	  8.57212e-12	3.34204e-08
      256.534	   0.838985	  1.79125   3.36152e-08	  8.57212e-12	3.36238e-08
       256.51	    0.83894	  1.80027   3.32079e-08	  8.57212e-12	3.32165e-08
      256.487	   0.838792	  1.80924   3.32213e-08	  8.57212e-12	3.32299e-08
      256.468	   0.838732	  1.81846   3.36322e-08	  8.57212e-12	3.36408e-08
      256.472	   0.838632	  1.82787   3.40362e-08	  8.57212e-12	3.40448e-08
      256.438	   0.838599	  1.83727   3.40017e-08	  8.57212e-12	3.40102e-08
	256.4	   0.838564	  1.84678   3.41965e-08	  8.57212e-12	3.42051e-08
      256.392	   0.838575	  1.85666   3.47544e-08	  8.57212e-12	3.47629e-08
      256.331	   0.838724	  1.86638   3.45507e-08	  8.57212e-12	3.45593e-08
      256.262	   0.838646	  1.87624    3.4669e-08	  8.57212e-12	3.46775e-08
      256.212	   0.838559	  1.88626    3.5037e-08	  8.57212e-12	3.50455e-08
      256.165	   0.838669	  1.89624   3.49852e-08	  8.57212e-12	3.49938e-08
