  3.34592e-07	3.57076e-09	 0.093619	279.277	      13.0738	    87998.9	  1.15314    0.00231406	      265.898
  2.32513e-08		  0	 0.280455	228.835	       9.1678	    88914.6	  1.18041    0.00150211	      262.458
  3.50343e-08	 6.8228e-10	  0.20746	239.473	      15.1442	    87750.6	  1.16324    0.00100365	      262.844
  1.29027e-07	1.56876e-09	 0.254413	274.665	      10.0338	    87121.1	  1.14572    0.00219435	      264.949
  1.52229e-07	 4.6918e-09	 0.240264	274.484	      8.14577	    87410.9	  1.14983     0.0020807	       264.88
    2.329e-08	 2.6284e-10	 0.321521	242.518	      6.50862	    87205.7	  1.15748     0.0015175	      262.512
  1.16063e-08	4.34617e-11	 0.548722	 236.68	      7.38447	    86799.1	  1.15508    0.00119049	      261.832
   3.4819e-08	6.89869e-13	  0.59103	246.152	      6.94944	    86467.9	  1.15964    0.00100899	      259.807
   2.3163e-08		  0	 0.805683	260.304	      5.89934	    86557.7	  1.14821     0.0013984	      262.665
  4.65358e-08		  0	 0.734244	263.753	       6.3616	      87276	  1.15486     0.0015632	       263.32
  1.15953e-08		  0	  1.03269	253.378	      6.77619	    88037.1	  1.15968    0.00106095	      264.512
	    0		  0	  0.85734	215.888	      6.41599	    88814.7	  1.18525   0.000983762	      261.091
	    0		  0	  2.05034	153.502	      7.61183	    88983.5	  1.20774   0.000524693	      256.716
	    0		  0	  2.32319	158.472	      9.12381	    88194.4	  1.20468   0.000400257	      255.086
	    0		  0	  2.12435	213.872	      7.79015	    87501.6	   1.1816   0.000442319	      258.027
	    0		  0	  1.72238	224.734	      5.60848	    87512.3	  1.17735   0.000812274	      258.989
  1.15788e-08		  0	  1.62159	203.273	       6.1189	    88064.4	  1.19668   0.000795454	      256.413
	    0		  0	  2.90259	172.395	      6.99665	    88416.3	  1.21989   0.000577149	       252.54
	    0		  0	  3.52495	169.202	      6.42739	      88159	  1.21784   0.000468634	      252.229
	    0		  0	  3.75711	156.656	      8.30213	    87987.3	  1.21785   0.000402233	      251.736
  1.16063e-08		  0	  2.14409	238.777	      10.4261	    86652.2	  1.17458   0.000607508	      257.049
	    0		  0	  3.31692	207.039	      7.27097	      85572	  1.16168   0.000715402	      256.663
	    0		  0	  2.71239	220.182	      9.74887	    86293.4	  1.16998   0.000696931	      256.991
  1.15953e-08		  0	  3.08904	230.818	      10.1054	    86994.6	  1.16288   0.000894989	      260.662
	    0		  0	   5.2073	 205.52	      8.85001	    87936.9	  1.17409   0.000759171	      260.968
	    0		  0	  7.22269	201.959	      9.10663	    89119.5	  1.19932   0.000762016	      258.915
	    0		  0	  5.25206	183.745	      6.96523	    89091.6	  1.21841   0.000471115	      254.777
	    0		  0	  6.48236	200.287	      8.03375	      88487	  1.21432   0.000358172	      253.902
	    0		  0	  10.0563	170.144	      7.23727	    88163.9	  1.21153   0.000398273	      253.556
	    0		  0	  4.88076	210.428	      10.2227	    87862.6	  1.19305   0.000490251	      256.603
  2.32513e-08		  0	  5.67094	247.038	      9.84218	    87525.7	  1.16692    0.00098376	      261.345
	    0		  0	  5.40914	250.758	      7.97135	    87521.8	  1.16227    0.00104438	      262.378
	    0		  0	   12.892	172.716	       8.5769	    87268.5	  1.18327   0.000646593	      256.976
  2.32348e-08		  0	  6.29837	236.438		9.969	    87156.5	  1.17245    0.00089509	      259.015
	    0		  0	  16.0654	197.556	      9.42434	    86903.7	  1.17068   0.000769323	      258.653
	    0		  0	  14.0535	179.692	      7.76658	      86611	  1.17436   0.000692836	      256.974
  1.15788e-08		  0	  7.92006	 252.32	      5.99987	    86716.7	  1.15999     0.0011414	      260.474
  2.32017e-08		  0	   8.2494	252.984	      5.64382	    86727.9	  1.15992     0.0011712	      260.526
  1.16174e-08		  0	   9.2608	232.454	      4.41688	      86878	  1.16698    0.00114685	      259.398
  3.47915e-08		  0	  9.29963	242.053	      6.08664	    86941.4	  1.17126    0.00101535	      258.638
   4.6442e-08		  0	  8.98155	249.704	      6.32794	    87147.5	  1.17555   0.000949624	      258.305
	    0		  0	  26.0312	151.722	      10.4211	    87320.6	  1.20942   0.000365582	       251.57
	    0		  0	  27.5096	143.999	      10.0335	    87298.4	  1.21997    0.00035104	       249.33
  1.05379e-07	7.45058e-11	  9.04875	257.541	      10.9955	    86804.1	   1.1605    0.00132499	      260.622
  1.17283e-07	6.33989e-10	  10.4914	270.294	      17.7196	    87338.1	   1.1529    0.00168548	      263.955
  2.11906e-07	1.15898e-09	  10.7053	 262.63	      15.8937	      88277	  1.17454    0.00164484	      261.876
  2.32072e-08	1.63499e-10	   16.621	253.475	      15.8218	    88202.4	  1.17714    0.00140773	      261.078
	    0	1.64879e-10	  28.7963	213.624	      16.1767	    87228.1	  1.16731   0.000718931	      260.369
	    0		  0	  37.5101	 188.18	      8.74993	    86861.7	  1.17603   0.000529876	      257.353
	    0		  0	   22.118	204.711	      9.33721	    86832.9	  1.19016   0.000366528	      254.213
	    0		  0	  42.2581	158.164	      10.7042	    86782.3	  1.19691   0.000335577	      252.633
	    0		  0	  46.4711	130.226	      11.6784	    86755.8	  1.21039   0.000267792	      249.741
  1.15788e-08		  0	  37.7432	187.902	      10.0003	    87509.7	  1.21172   0.000508169	      251.635
  1.16339e-08		  0	  24.8882	227.717	      7.80364	    87813.7	  1.19608   0.000713147	      255.812
	    0		  0	  23.1391	230.264	      8.68792	    87439.1	  1.17443   0.000652801	      259.417
	    0		  0	  44.7328	187.961	      7.18943	    87091.4	   1.1807   0.000456041	      257.013
	    0		  0	  53.1928	143.495	      9.58596	    87466.6	  1.21317   0.000310907	      251.211
	    0		  0	  55.1052	143.296	       11.578	    88164.2	  1.23689   0.000303911	      248.358
	    0		  0	  63.3698	135.975	      9.05889	    88894.3	  1.24537   0.000274412	      248.711
	    0		  0	  42.8518	196.882	      5.67672	    89649.7	  1.23782   0.000416461	      252.354
  1.40954e-07	1.79366e-11	  17.8583	243.045	      11.4769	    88138.1	  1.19455   0.000941016	      257.085
  7.03445e-08		  0	  57.1735	201.306	      3.80925	      87300	  1.18493    0.00079364	      256.708
	    0		  0	  63.6004	158.066	      7.87446	    87905.9	  1.20909    0.00047245	      253.325
	    0		  0	  69.2458	168.625	      7.53334	    88802.8	  1.22512   0.000514068	      252.562
  5.82635e-08		  0	  35.9234	229.862	      6.19513	    89070.5	  1.21587   0.000767467	      255.249
	    0		  0	  67.0804	185.965	      10.6273	    88731.5	  1.21228   0.000475007	      255.031
	    0		  0	  87.7071	128.535	      11.0089	    88685.3	  1.23405   0.000260892	      250.403
	    0		  0	  90.8282	135.943	       10.337	    89117.8	  1.23363   0.000261342	      251.708
	    0		  0	  94.4589	132.791	      8.90385	    88869.7	  1.23497   0.000246183	      250.736
	    0		  0	  59.4935	192.257	      11.4896	    89055.5	  1.21795   0.000481742	      254.772
	    0		  0	  80.0994	208.223	      6.51849	      89324	  1.19421   0.000853209	      260.619
	    0		  0	  104.936	144.701	      6.90215	    88662.5	  1.20499   0.000556089	      256.375
	    0		  0	  94.7669	161.786	      8.16687	    87577.6	  1.19809   0.000460666	      254.695
  7.03997e-08		  0	  45.6332	 221.31	      11.4846	      87454	  1.19924    0.00058047	      254.092
  1.29535e-07		  0	  46.4684	250.884	      8.41139	    87751.5	   1.1813    0.00107401	       258.83
  1.15843e-08		  0	  92.9215	216.682	      6.20792	    87980.2	  1.18746   0.000727429	      258.157
	    0		  0	  118.346	158.464	      5.80594	    88444.2	   1.2064   0.000670291	      255.444
	    0		  0	  115.627	170.226	      6.13519	    88282.4	  1.20689   0.000356045	      254.873
	    0		  0	  109.096	178.916	      7.53865	    87794.5	  1.19446   0.000422232	      256.102
  2.33065e-08		  0	  53.6758	226.152	      6.28241	    87480.1	  1.18802   0.000712274	       256.57
  1.15898e-08		  0	  91.5592	227.936	      7.09855	    87528.9	  1.18923   0.000732522	       256.45
  1.15898e-08		  0	  122.715	191.694	      8.42316	    87684.7	  1.19432   0.000616745	      255.812
  3.52109e-08	6.89869e-12	  69.4258	198.733	      7.80445	    88744.2	  1.21229   0.000475475	      255.065
  1.18575e-07	1.04212e-08	  126.036	205.496	      2.53866	    87658.6	  1.18199    0.00108388	      258.403
	    0		  0	  132.596	153.276	      11.2356	    88239.2	  1.21717   0.000310688	      252.596
	    0		  0	  152.471	151.678	      7.43851	    89026.5	  1.22174   0.000431485	      253.899
	    0		  0	  131.945	172.626	      9.64907	    88934.8	  1.21512   0.000396112	      255.018
	    0		  0	   152.15	159.335	       9.7838	    89060.8	   1.2187   0.000441399	      254.629
  4.69331e-08		  0	  68.7646	239.661	      9.66487	    89340.2	  1.20321   0.000710717	      258.716
   3.5106e-08		  0	   154.51	201.609	      5.46899	    90295.1	  1.21498   0.000902066	      258.949
	    0		  0	  142.114	182.938	       8.3148	    91011.8	  1.23091   0.000528122	      257.625
	    0		  0	  166.034	173.284	      7.29228	    90563.1	  1.21792    0.00052828	      259.089
  1.16339e-08		  0	  105.399	230.586	      6.74242	    89532.1	  1.20011   0.000794838	      259.941
  1.16615e-08		  0	  96.5152	248.814	      11.1621	    89476.8	  1.20106   0.000708459	      259.576
	    0		  0	  175.983	171.691	      12.9591	    90465.8	  1.22262   0.000405163	      257.818
  1.05964e-07		  0	  64.5094	247.819	      2.62551	    90366.6	   1.2154    0.00102945	      259.063
  8.15977e-08		  0	  87.2219	256.757	      6.19802	    89211.4	   1.1927    0.00129341	      260.619
  2.32072e-08		  0	  188.737	 214.77	      6.97018	    88340.1	  1.16755     0.0011661	      263.634
	    0		  0	   166.35	186.223		7.447	    88057.4	  1.17042   0.000896406	      262.146
	    0		  0	  205.028	164.548	       7.8708	    87719.4	  1.17618   0.000710804	       259.86
	    0		  0	  211.013	159.744	      9.56943	    86767.6	  1.17011   0.000599678	      258.374
	    0		  0	  212.235	162.327	      17.4609	    87137.5	  1.16786   0.000604052	      259.976
	    0		  0	  189.738	188.967	      8.76532	    87363.3	  1.16424   0.000627361	       261.46
	    0		  0	  124.423	235.633	      6.58361	      87704	  1.16803   0.000844462	      261.629
  1.77087e-07		  0	  64.3253	265.338	       9.1164	    87916.2	  1.16845    0.00137557	      262.166
	    0		  0	  195.274	213.573	      12.7153	    88384.6	  1.18201   0.000634937	       260.54
	    0		  0	  226.184	157.287	      14.3779	    88410.8	  1.19672   0.000397167	      257.413
	    0		  0	  232.574	195.149	       8.9346	    88962.1	  1.18633   0.000602759	      261.288
  5.83905e-08	3.23686e-09	  117.411	264.597	      6.18629	    89164.3	  1.17675    0.00134653	      264.014
  1.15843e-08	3.24238e-11	  192.128	235.408	      5.11349	      88473	  1.17467    0.00136982	      262.429
	    0	1.72467e-11	  216.247	191.993	      18.4154	    88063.3	  1.18774   0.000513198	      258.339
	    0		  0	  234.573	186.487	      6.20866	    89227.9	  1.19697   0.000842438	      259.737
  1.04661e-07		  0	  117.302	249.047	      8.72447	    89556.2	  1.20287    0.00116491	      259.415
  9.36179e-08		  0	  122.316	255.967	      4.75342	    88945.1	  1.18588    0.00130675	      261.336
	    0		  0	  266.981	156.447	      6.76624	    88947.5	  1.19024   0.000778374	      260.387
  1.16119e-08		  0	  213.865	216.502	      6.29838	    89513.5	  1.20008    0.00113166	      259.893
  1.16063e-08		  0	  176.533	249.748	       5.7161	    88669.9	  1.18048    0.00116255	      261.719
	    0		  0	  254.023	192.781	       4.8511	    88225.9	  1.17665   0.000964327	      261.256
	    0		  0	  280.934	153.483	      8.68473	    88783.1	  1.18972   0.000560988	      260.018
	    0		  0	  274.432	167.331	      6.72542	      89198	  1.19467   0.000592883	       260.15
  2.33176e-08		  0	  150.112	256.661	      6.55186	    88997.4	  1.17796    0.00115304	      263.247
	    0		  0	  282.535	188.355	      4.39539	    90017.3	  1.18289    0.00109033	      265.154
	    0	2.89745e-11	  222.859	239.653	      4.10524	    90547.7	   1.1749    0.00164178	      268.531
	    0	1.00031e-10	  279.151	243.962	      5.06676	    90083.5	  1.14989    0.00252001	      272.966
  1.15788e-08	4.40343e-09	  257.951	267.701	      2.07811	    90493.5	  1.15482    0.00350173	      273.038
	    0		  0	  279.995	233.304	      4.48943	    90920.6	  1.15586    0.00240465	      274.078
	    0	2.06961e-12	   291.38	223.834	      5.67664	    91013.2	  1.15775    0.00254753	       273.91
	    0	2.80777e-10	  259.376	257.237		7.513	    90418.7	  1.14964    0.00196616	       274.04
  1.41257e-07	9.87133e-09	  118.481	291.022	      12.4654	    89007.9	   1.1485    0.00245403	      270.032
  1.76209e-07	1.32158e-08	  156.597	286.964	       9.9393	    89080.3	  1.15863    0.00267647	       267.89
  5.82967e-08	2.09099e-09	  281.215	240.016	      2.12836	    89837.2	  1.17298    0.00226804	       266.86
	    0		  0	  325.065	176.825	       12.409	    90097.1	  1.17354    0.00102112	      267.505
	    0		  0	  307.358	219.587	      4.76332	    91163.9	  1.17478    0.00121325	      270.387
	    0		  0	  311.836	223.894	      5.19347	    90963.7	  1.15286    0.00169202	      274.923
	    0		  0	  321.415	209.048	      3.84352	    90630.5	   1.1568    0.00210049	      272.983
	    0		  0	  323.951	200.818	      4.04805	    90919.7	  1.17257    0.00166467	      270.171
	    0	1.37974e-11	  281.566	242.309	      5.34516	    90980.8	   1.1655     0.0017703	      271.991
	    0		  0	  294.454	246.678	      2.69643	    91259.7	  1.17383    0.00268306	      270.889
	    0		  0	  328.253	 207.61	      4.77273	    91026.6	  1.17658    0.00198755	      269.566
	    0	8.69234e-11	  317.179	220.199	      2.22624	    91728.6	  1.18868    0.00243271	      268.879
	    0		  0	  344.516	 197.88	      7.95679	    91330.8	  1.17366    0.00150833	      271.139
	    0		  0	  332.143	210.894	      7.26048	    91145.4	  1.16406    0.00166497	       272.82
	    0		  0	  348.016	206.297	      8.70801	      90767	  1.15326    0.00182901	      274.233
	    0		  0	   350.19	203.923	      5.44144	      90844	  1.15468    0.00159913	      274.128
	    0		  0	  351.304	196.212	      4.13722	    90859.3	  1.16704    0.00158968	       271.27
	    0		  0	   344.17	 217.67	      5.54878	    90365.7	   1.1511    0.00200408	      273.531
	    0		  0	   328.34	229.875	      3.92799	    90323.3	  1.14952    0.00199518	      273.779
	    0		  0	  259.382	281.687	      5.47828	    89579.1	  1.13153     0.0025311	      275.842
  3.49405e-08	1.77641e-09	  200.674	295.426	      6.23732	    89398.7	  1.13165    0.00340582	      275.257
  2.31796e-08	4.37377e-10	  291.371	277.908	      1.27749	      89690	  1.14728    0.00388149	      272.391
  1.15788e-08	 6.8159e-10	  346.726	251.146	      2.68453	    89815.3	  1.14994    0.00314634	      272.142
  4.70049e-08	4.22131e-09	  167.734	290.174	      9.28741	    89782.2	  1.15624     0.0028506	      270.558
  2.00873e-07	1.55593e-08	  190.884	296.416	      9.40775	      88910	  1.14681    0.00326963	      270.134
  2.31906e-08	1.24176e-09	  249.669	285.549	      4.54648	      88390	  1.14372    0.00300039	      269.278
  9.32758e-08	6.98147e-10	  207.561	297.239	      5.59935	    88607.9	  1.13994    0.00317051	      270.838
  4.65965e-08	9.14076e-10	  236.437	300.116	      4.44498	    89070.3	  1.13682    0.00359866	      272.997
  1.15788e-08	5.40719e-09	  232.466	298.827	      1.92034	    89582.4	  1.13913    0.00401364	      274.011
	    0	6.51236e-10	  348.205	234.648	      3.31807	    90287.7	  1.14996    0.00294953	      273.568
  1.64509e-07	2.17805e-08	  138.031	307.392	      6.91777	    90381.1	   1.1556    0.00388805	      272.514
  1.16786e-07	4.92014e-09	  189.049	301.886	      5.22375	    90320.3	  1.15719    0.00366599	      271.955
	    0	1.24176e-10	  362.713	224.888	      2.33442	    90450.4	  1.15795     0.0029353	      272.168
  5.84015e-08	 2.3421e-09	  168.842	290.817	      5.74245	    90524.9	   1.1557    0.00324395	      272.923
  6.98754e-08	8.39984e-08	  141.172	312.113	      6.97482	    90162.6	   1.1489     0.0041675	      273.441
  3.48908e-08	4.43517e-09	  248.098	300.602	       1.3649	      89509	  1.14215    0.00406824	      273.063
  1.15898e-08	 2.0765e-10	  359.625	235.286	      4.91369	      89728	  1.14364    0.00295667	      273.374
  2.33672e-08	1.55565e-08	  196.507	295.547	      5.34662	    89761.1	  1.14023    0.00319948	      274.293
  8.15535e-08	3.11414e-08	  242.184	308.768	       5.6497	    89624.4	  1.14119    0.00407876	      273.645
  1.41125e-07	  5.576e-08	  166.686	308.501	       8.2498	    89680.6	  1.14375    0.00399172	      273.202
  9.36345e-08	4.97754e-08	  122.333	307.311	      9.66294	    90309.2	  1.15219    0.00403999	      273.104
	    0	2.45593e-10	  308.746	275.699	      7.56215	    90525.5	  1.15523    0.00346891	      273.037
	    0	4.54623e-10	  303.481	292.747	      9.26565	    90105.9	  1.14572    0.00307585	      274.026
	    0	 6.8297e-11	  372.486	242.281	      4.98408	    90357.8	  1.13799    0.00245168	      276.659
	    0	8.34741e-11	  352.075	266.228	      4.76177	    90616.8	  1.13989    0.00277615	      276.989
	    0		  0	  370.455	235.547	      4.73393	    90547.3	  1.14062    0.00259192	      276.599
	    0		  0	   372.63	223.093	       4.6276	    90742.5	  1.14803    0.00231628	      275.409
	    0		  0	  380.204	218.499	      4.34047	    90806.1	  1.14603    0.00233812	      276.082
	    0		  0	  379.035	216.584	       4.6902	    90702.9	  1.14795    0.00236199	      275.306
	    0		  0	  373.471	221.264	      3.05061	    90538.2	  1.14576    0.00231577	      275.332
	    0		  0	  377.136	215.941	      3.78062	    90295.7	   1.1456    0.00239569	      274.634
	    0		  0	   374.48	214.823	       5.0675	    90526.1	  1.14959    0.00246089	      274.377
	    0		  0	  363.802	230.334	      4.70724	    90541.3	  1.14602    0.00217471	       275.28
	    0		  0	  355.901	242.036	      4.02333	      90047	  1.13763    0.00244282	      275.795
	    0		  0	  371.705	222.611	      4.13266	    89869.3	  1.13721    0.00265072	      275.352
	    0		  0	  371.154	217.592	       4.0793	    89656.4	  1.13699    0.00251875	      274.754
	    0		  0	  332.126	  245.1	      4.24046	    90004.2	  1.13969    0.00250575	      275.165
	    0		  0	  374.411	209.193	      8.15602	    89723.3	  1.13629     0.0020266	      275.127
	    0		  0	  361.933	219.214	      4.31828	    89905.3	  1.14388    0.00244117	      273.856
	    0		  0	  364.186	218.285	       6.0963	    89412.2	   1.1324    0.00225411	      275.115
	    0		  0	  367.612	212.512	      9.48106	    89439.6	  1.13095    0.00206261	      275.553
	    0		  0	  364.855	 217.15	      6.14324	    89773.7	  1.13683    0.00205597	      275.151
	    0		  0	  348.008	235.451	      6.27902	    89452.6	  1.12579    0.00240415	      276.855
	    0		  0	  358.784	233.607	      5.89533	    89451.3	   1.1209    0.00278439	      278.059
	    0		  0	  351.282	232.522	      4.26196	      89590	  1.12443    0.00267563	      277.615
  1.15898e-08	1.43982e-08	  241.773	276.711	      1.98064	      89392	  1.13322    0.00338202	      274.855
	    0	8.20806e-09	  304.316	280.858	      5.40638	    89471.2	  1.13064     0.0037876	      275.725
	    0	2.86949e-07	  130.604	322.231	      8.52357	    89243.2	  1.12625    0.00495536	      276.096
	    0	5.24266e-08	  250.547	 297.66	      4.42158	    89884.4	  1.14037    0.00452373	      274.635
	    0	3.86809e-09	  336.365	246.437	      3.79088	    90500.7	  1.14576    0.00375621	      275.217
	    0	6.22261e-10	  323.954	242.689	      5.36965	    90145.9	   1.1404    0.00308522	      275.428
	    0	1.84678e-09	  325.295	251.849	      4.44288	    89414.6	  1.13051    0.00365404	      275.582
	    0	6.39991e-09	  280.352	258.111	      2.50243	    89258.3	  1.13683    0.00346757	      273.571
	    0		  0	  278.121	243.701	      2.88251	    90055.6	  1.14662    0.00278867	      273.659
	    0	2.75947e-12	  245.139	283.337	      4.87735	    90304.4	  1.14264    0.00274293	      275.371
	    0		  0	  320.192	250.794	      4.89957	    90380.4	  1.14041    0.00302881	      276.142
	    0		  0	  326.055	235.399	      7.58503	    90270.8	   1.1368    0.00262483	      276.682
	    0		  0	  326.872	232.441	      7.05316	    90546.5	  1.14002    0.00234578	      276.744
	    0	6.89869e-12	  327.628	224.324	       8.9725	    90600.8	  1.13917    0.00189809	      277.116
	    0	7.98868e-09	  277.897	257.443	      6.14906	    90303.6	  1.13792    0.00261045	      276.511
	    0	2.69764e-07	  128.595	 321.99	      8.26661	    89997.9	  1.13316    0.00533417	      276.731
	    0	2.86916e-09	  269.773	 285.46	      6.92876	    90345.4	  1.13035     0.0042541	      278.491
	    0		  0	   312.61	241.604	      6.22657	    90487.7	  1.13323    0.00331189	      278.222
	    0		  0	  254.219	270.705	       5.2424	    90466.2	  1.13449    0.00301782	      277.846
	    0		  0	  301.719	239.685	      6.62339	    90355.2	  1.13459    0.00267862	      277.481
	    0	5.65692e-11	  191.709	 292.77	      3.17893	    89686.9	   1.1278    0.00357999	      277.086
	    0	2.55251e-11	  286.734	246.753	      5.35697	    89524.6	  1.13022     0.0033588	      275.992
	    0		  0	  288.179	 239.65	      11.4651	      90420	  1.13833    0.00239748	      276.766
	    0		  0	   280.73	266.015	      9.42023	    91028.7	  1.13797    0.00342072	      278.717
	    0		  0	  276.928	263.497	      12.0908	    90358.8	  1.12451    0.00379284	      279.979
	    0	3.96192e-09	  224.194	271.298	      5.05677	    90517.8	  1.13736    0.00322235	      277.302
	    0	2.58149e-09	  266.055	255.621	      6.30177	    89090.4	  1.12284     0.0035623	      276.459
	    0	4.00993e-08	  192.483	297.509	      3.60218	    89081.9	  1.12991    0.00433938	      274.702
	    0	 1.5798e-10	  253.559	250.906	      4.70896	    90079.5	  1.14446    0.00315099	      274.249
	    0	7.96798e-10	  251.836	272.463	      4.42011	    89632.6	  1.12957    0.00400056	      276.484
  2.31961e-08	3.20782e-08	   126.41	306.759	      3.98711	    89507.5	   1.1382    0.00437618	      274.006
  1.65017e-07	6.03221e-08	  75.5592	311.611	      3.79681	    89553.1	  1.14256    0.00419406		273.1
  2.01784e-07	  1.447e-08	  103.547	310.881	      5.42835	      89514	  1.14059    0.00409105	       273.45
	    0		  0	  241.756	247.454	      5.78405	      89822	  1.14392    0.00253733	      273.593
	    0		  0	  242.821	 234.88	      6.91898	    90329.9	   1.1492    0.00222696	      273.875
	    0		  0	  198.456	255.152	      6.71526	    90088.6	  1.14859    0.00254015	      273.289
	    0		  0	  228.731	237.698	      4.95146	    89798.2	   1.1445    0.00252462	      273.383
	    0		  0	  244.514	217.674	      6.03388	    89311.1	  1.14153    0.00222594	      272.607
  4.67731e-08	4.81597e-09	  132.041	274.577	      4.79104	      89793	  1.15003    0.00343384	      272.052
  5.84181e-08	4.41143e-08	  57.8889	312.868	       11.698	    88548.3	  1.12572    0.00382804	      274.075
  1.16008e-08	3.38036e-11	  209.301	271.394	      2.47782	    88835.1	   1.1269    0.00288608	      274.674
	    0	1.12518e-09	  154.573	 278.55	      4.32771	      89594	  1.14432    0.00300737	      272.804
  3.47804e-08	4.08954e-09	  106.796	299.447	      6.10017	      90142	  1.15182    0.00356899	      272.684
	    0	7.22982e-10	  178.874	269.767	       7.4417	    90192.1	   1.1512    0.00245834	      272.984
  4.66572e-08	3.16995e-09	  101.798	299.797	      5.73437	    89992.9	  1.14383    0.00389348	      274.135
	    0		  0	  215.237	220.715	      5.49594	    89858.2	   1.1492    0.00236695	      272.447
	    0		  0	  202.822	215.956	      5.58949	    89789.6	  1.15642    0.00175628	      270.538
	    0		  0	  204.343	211.382	      6.57052	    89970.9	  1.15935     0.0016974	      270.399
	    0		  0	  153.172	267.845	      4.64842	    89954.4	  1.14798     0.0017095	      273.026
	    0	1.19347e-10	  139.361	277.744	      5.02911	    89689.7	  1.14548    0.00202478	      272.819
  1.16229e-08	6.63654e-10	  86.7727	291.578	       4.4212	    89238.1	   1.1416     0.0030389	      272.366
	    0		  0	  196.007	220.111	       6.1339	    89167.1	  1.14697    0.00196089	      270.875
  4.68614e-08	6.15846e-09	   63.202	262.899	      5.14758	    89694.5	  1.15721     0.0025343	      270.068
  2.11757e-07	9.52709e-09	  88.2466	303.481	       8.6105	    89173.7	  1.14366      0.003549	      271.679
  9.32702e-08	2.71808e-09	  121.316	295.389	      2.10149	      89087	  1.14518    0.00336684	      271.055
  5.80814e-08	1.51288e-09	  86.2165	288.934	      3.82424	    89154.5	  1.15003    0.00310342	      270.118
   2.3301e-08		  0	  180.927	231.952	       4.2617	    88983.5	  1.15577    0.00243448	      268.259
	    0	1.11759e-10	  140.079	225.785	      6.28038	    89105.7	   1.1686    0.00171882	       265.68
  1.53427e-07	4.35997e-10	  100.182	264.062	      7.01977	    87981.6	  1.14308    0.00224205	      268.184
	    0		  0	  174.604	187.336	      15.3348	    88021.1	  1.15078    0.00118498	       266.51
	    0	 2.1248e-10	   171.64	181.562	      13.5541	      89191	  1.18337   0.000776414	      262.615
	    0	7.93349e-11	  86.0819	232.799	      6.09784	    89946.1	  1.18536    0.00149116	      264.393
   7.0179e-08	2.19378e-10	  72.9895	 247.02	      2.76385	    89897.6	   1.1836    0.00185711	      264.644
  4.20009e-07	1.12973e-08	  41.1792	293.623	      8.70736	      88835	  1.15043    0.00298632	      269.056
  2.04687e-07	1.17968e-09	  99.2424	266.475	      10.8879	    87920.9	  1.13862    0.00234089	       269.05
	    0		  0	  159.173	162.355	      20.7638	    89085.8	  1.17708   0.000718685	      263.707
	    0		  0	  153.833	159.348	      10.4453	    89451.3	  1.20045   0.000583571	      259.634
	    0		  0	  70.4501	233.768	      11.0898	    89599.1	  1.18551    0.00111118	      263.341
	    0		  0	  146.776	209.304	      11.2387	    89672.6	   1.1663    0.00133989	      267.896
	    0		  0	  143.154	168.243	      12.6446	      90479	  1.19657   0.000648495	      263.469
	    0	4.13921e-12	   138.64	201.438	      8.53902	    90786.8	  1.19621   0.000603529	      264.444
	    0		  0	  134.605	183.053	      8.37701	    90783.9	   1.1904   0.000628137	      265.725
	    0		  0	  126.727	192.252	      7.84288	      90892	  1.19034   0.000722865	      266.056
	    0		  0	  125.822	197.817	      7.49009	    90870.9	   1.1833    0.00110706	      267.577
  4.66737e-08	2.75947e-12	  42.3694	260.113	      3.28553	      90805	  1.18117    0.00161565	      267.864
  1.16339e-08		  0	  102.321	226.425	      12.1515	    89217.6	  1.15737    0.00169282	      268.595
	    0		  0	  108.921	209.253	      14.9093	    89035.9	   1.1462     0.0017583	       270.66
	    0		  0	  115.269	195.163	       14.339	    88963.7	   1.1635    0.00118161	      266.418
	    0		  0	  112.578	162.347	      10.1484	    88832.7	  1.19288   0.000682956	      259.474
	    0		  0	  107.348	170.817	      9.81605	    88904.1	   1.1963   0.000755917	       258.94
	    0		  0	  104.181	174.439	      10.6525	    89209.7	  1.19719   0.000724939	      259.637
	    0	5.51895e-12	  93.6049	189.654	      8.99154	    89502.7	  1.19054   0.000755772	      261.945
	    0		  0	  88.2367	229.264	      9.88697	    89133.7	  1.17299    0.00104301	      264.767
	    0	1.17278e-11	  75.1873	236.728	      6.70435	      89363	  1.17893    0.00113118	      264.112
	    0	4.76009e-11	  81.7907	209.527	      9.56119	    88982.2	  1.16384    0.00133516	      266.397
  1.15953e-08		  0	  35.3616	 229.86	      8.11496	    89760.3	  1.18698    0.00111325	      263.488
  4.65303e-08	9.24424e-11	   36.027	278.397	      3.76547	    89050.8	  1.16526    0.00211581	      266.277
  5.82194e-08	1.03756e-09	  30.4843	280.285	      2.05413	    88016.7	  1.15049    0.00237406	      266.563
  1.16063e-08	5.72591e-11	  76.6038	 232.44	      6.26184	    88034.5	  1.16436    0.00141123	      263.441
  3.48522e-08	1.24176e-11	  32.0998	258.441	      8.36331	    88783.9	  1.18404    0.00112498	      261.267
  2.32182e-08		  0	  37.3698	250.181	       4.1126	    89973.6	  1.18363    0.00146661	       264.86
	    0		  0	   73.045	157.465	      10.5389	    90655.2	  1.22619   0.000548397	      257.605
	    0		  0	   36.682	222.453	       6.9119	    90088.7	  1.19707   0.000615874	      262.222
	    0		  0	   49.085	220.005	       11.065	      89171	  1.17911   0.000846772	      263.505
	    0		  0	  54.7631	184.236	      9.60229	    89414.3	   1.1979   0.000704144	       260.08
	    0		  0	  60.3263	180.479	      6.37421	    89759.5	  1.20633    0.00083433	      259.258
	    0	 3.1734e-11	  27.0661	253.367	      5.46315	    89976.1	  1.19383    0.00127865	      262.604
  3.49625e-08	5.20161e-10	  24.5354	265.546	      9.35784	    89507.8	  1.18091    0.00140423	      264.096
  1.64283e-07	9.84098e-09	  11.2092	287.624	      14.6284	    89080.8	  1.15813    0.00248926	      268.007
  3.51502e-08	 4.6442e-09	  42.9505	242.827	      7.17726	    89938.9	  1.17869    0.00199889	      265.868
	    0	3.79428e-11	  23.5893	252.614	      7.62694	    89618.2	  1.17372    0.00123019	      266.041
  4.30147e-07	2.50767e-09	   9.9685	294.647	      11.1366	    89104.4	  1.15207    0.00306554	      269.487
  2.59479e-07	2.24925e-08	  10.3472	300.245	      12.9994	    88711.2	  1.14182    0.00342922	      270.707
  2.32127e-08	3.68666e-09	  33.1901	257.867	       4.1363	    88888.6	  1.15516    0.00282647	      268.116
   1.4144e-07	1.59705e-09	  11.6948	278.734	      5.95538	    88482.2	  1.14271    0.00303319	      269.797
  2.36548e-07	6.28677e-09	  10.8406	299.733	      6.20222	    87649.2	    1.128    0.00327969	      270.744
  8.17411e-08	1.06185e-08	   17.911	291.274	       7.6885	    87764.4	  1.13553    0.00280758		269.3
   5.8556e-08	 7.8645e-11	  11.9449	293.449	       5.5763	    88005.1	  1.13015    0.00301052	      271.326
  1.16119e-08	3.96605e-09	  16.2883	274.179	      3.07548	    89166.9	  1.16304    0.00216988	      267.133
  7.03335e-08	6.88489e-10	  11.7115	271.206	      4.04776	    89657.1	  1.18067    0.00187711	      264.589
	    0	6.89869e-12	  27.7622	 207.38	      5.74651	    90154.4	  1.20418    0.00106671	      260.863
	    0		  0	  24.0205	221.561	      4.72973	    90696.2	  1.20004   0.000869235	      263.337
	    0		  0	  18.5605	 195.08	      5.57544	    90795.9	  1.20384   0.000971639	      262.794
	    0	2.51802e-10	  15.3418	263.579	      5.58159	      90337	  1.17048    0.00122541	      268.919
  1.41583e-07	8.50608e-09	  7.15941	291.542	      8.96134	    89714.5	  1.16234    0.00258563	      268.935
  2.26415e-07	2.08133e-08	  3.61262	295.439	      10.2793	      89189	  1.15188    0.00321167	      269.787
  4.67565e-08	7.44368e-10	  8.32512	276.931	      6.02793	    89636.3	  1.16769    0.00217896	      267.471
  1.28729e-07	2.02311e-08	  5.08744	 301.44	      7.93815	    90057.9	  1.15775    0.00342377	      271.036
	    0	1.82056e-09	  15.6977	240.514	      6.51748	      90335	  1.17444    0.00251827	      268.005
  2.32017e-08	8.85101e-10	  9.23245	 232.91	      8.92355	    90091.2	  1.18004    0.00147172	      266.013
	    0	6.20882e-11	  10.2799	241.929	      6.72386	    90328.5	  1.18273    0.00136928	      266.107
  2.32072e-08	1.28316e-10	  5.19985	278.505	      4.67567	    90402.2	  1.17548    0.00206555	      267.968
	    0	3.44934e-11	  11.2942	234.428	      5.47863	    90411.1	  1.18444    0.00155595	      265.966
  3.50398e-08	 3.6563e-11	  5.90278	 253.13	      3.85554	    89622.9	  1.17292    0.00141014	      266.237
  2.00067e-07	4.15646e-09	  3.68415	283.935	      3.66162	    88659.9	  1.15692    0.00246368	      267.019
  8.24476e-08	3.18719e-10	  5.83081	  265.6	      4.38428	    87635.1	  1.14705    0.00209795	      266.204
	    0		  0	   9.4607	181.482	      7.59468	    87742.5	   1.1713    0.00118617	      261.012
	    0	7.24362e-11	  5.95087	219.235	      7.97371	    88232.7	   1.1774    0.00109908	       261.11
	    0	9.03728e-11	  6.66884	203.419	      11.0015	    88967.2	  1.19698   0.000783491	      258.977
   2.3163e-08	2.48353e-11	  7.16211	221.666	      12.7724	    90030.8	  1.21098   0.000739755	      259.043
	    0		  0	  3.02255	254.337	      14.2603	    90348.4	   1.1995   0.000776372	      262.444
	    0		  0	  5.95707	188.572	      10.1487	    89379.5	  1.20276   0.000759184	      258.926
	    0	3.44934e-11	  5.16505	149.625	      19.1622	    88493.9	  1.21902   0.000337189	      252.941
	    0		  0	  5.36289	138.252	      16.9239	    89663.3	   1.2376   0.000262493	      252.437
	    0		  0	  3.80753	 230.11	      5.62876	    90925.8	  1.21557   0.000735487	      260.631
  1.16229e-08	1.18657e-10	   1.5227	268.894	       2.8942	    90246.1	  1.18862     0.0014982	      264.547
  1.65077e-07	4.52347e-09	  1.15198	281.751	      6.40247	    88750.8	  1.16004    0.00230486	      266.574
    2.329e-08	1.05826e-09	  2.90525	202.827	      8.75889	    88938.9	  1.17881     0.0012633	      262.886
  1.19662e-07	1.02652e-09	 0.966616	232.433	      9.00961	    89555.6	   1.1801      0.001109	      264.419
  1.42461e-07	3.90397e-09	  1.52573	249.672	      5.12294	    89574.8	  1.17612    0.00197898	      265.371
  2.26222e-07	1.61574e-08	 0.508199	284.229	      8.38036	    88631.9	  1.14729    0.00299846	      269.175
  1.77434e-07	1.63913e-09	  0.92851	261.934	      1.69391	    87194.5	  1.14152    0.00234617	      266.147
	    0		  0	  1.63201	192.966	      19.0041	    87934.7	  1.16354   0.000831302	      263.329
  1.17057e-08		  0	 0.984924	223.745	       9.0972	    90020.4	  1.19967   0.000767251	      261.455
  8.15425e-08	1.89714e-10	 0.593323	255.687	      7.01007	    89349.8	  1.18594    0.00143914	      262.512
	    0	6.89869e-13	 0.882336	171.769	      21.1859	    88357.7	  1.19531   0.000521111	      257.562
	    0		  0	 0.951797	134.466	      15.9102	    91394.8	  1.25354    0.00031297	      254.041
	    0		  0	 0.699441	174.049	      6.14595	    92080.9	  1.24277   0.000404923	      258.165
  2.32403e-08	8.83032e-11	 0.414506	232.805	      4.09992	    90549.9	   1.2029    0.00100676	      262.286
	    0		  0	 0.618275	148.528	      18.9361	    88918.1	  1.19777   0.000536523	      258.663
	    0	1.31075e-11	 0.376146	 162.61	       10.959	    88875.5	  1.21571   0.000341589	      254.724
  4.69387e-08	 2.6215e-11	  0.36536	191.985	      6.85548	    89668.2	  1.22135   0.000522053	      255.809
  5.85836e-08	1.98199e-09	0.0860827	259.995	      8.46925	    89225.4	  1.18675    0.00141789	      261.967
  1.53499e-07	1.76448e-08	 0.102538	279.121	      9.66824	    88245.1	  1.15277    0.00237559	      266.725
   7.1073e-08	2.79742e-09	  0.10027	241.026	      1.72775	    87805.9	  1.16534    0.00169035	      262.537
  1.77451e-07	 3.1596e-10	0.0758289	249.243		9.363	    88510.2	  1.18467    0.00103513	      260.324
  1.91618e-07	2.81466e-10	0.0991311	256.458	      10.2936	    87302.5	  1.16537    0.00157987	      261.025
  1.15898e-08		  0	 0.217313	139.102	      17.6103	    87622.8	  1.20991   0.000387014	      252.338
	    0		  0	 0.196046	122.525	      16.8795	    89368.4	  1.25453   0.000177088	       248.21
	    0		  0	 0.112152	219.008	      6.34516	    90337.1	  1.23989   0.000523472	      253.863
	    0		  0	 0.118944	233.148	      5.85559	    89187.5	  1.21227   0.000660753	      256.344
  8.16639e-08	4.00124e-11	0.0861229	260.467	      7.60675	    86205.1	  1.15171    0.00125836	      260.801
  2.32458e-08		  0	  0.13139	241.881	      12.2582	    84647.6	  1.12801    0.00105928	      261.468
	    0		  0	 0.175377	148.203	      9.87408	    85133.7	  1.16187   0.000440372	      255.306
	    0		  0	  0.09729	157.585	      9.81713	    85661.4	  1.18359    0.00046748	      252.174
	    0		  0	 0.180065	130.696	      13.1286	    86197.8	  1.20604   0.000263657	      249.031
	    0		  0	   0.1867	134.152	      16.2377	    85448.8	    1.212   0.000217293	      245.654
  1.16505e-08		  0	 0.166947	196.366	      9.66501	    84741.1	  1.16485   0.000773374	      253.479
  2.32624e-08		  0	 0.184501	211.508	       9.1223	    85158.7	  1.14895    0.00102141	      258.253
  1.15898e-08		  0	 0.212292	226.231	      9.03566	    86009.6	  1.13927   0.000847088	      263.051
	    0		  0	 0.268979	  158.3	      10.2322	    86625.2	  1.17328   0.000530662	      257.253
  6.96491e-08	7.13324e-10	 0.186371	254.271	      8.08284	    86986.1	  1.15462    0.00167135	      262.499
